21214
104577
118543
148687
150076
172566
209929
218002
220419
226810
229510
229714
248284
250084
261559
283891
294890
304910
334422
357280
380833
421214
429023
432224
449703
484754
539489
545385
571076
593255
596647
600981
605152
609089
616852
656030
661195
663703
668090
684681
687088
717875
727693
728904
732280
739305
745540
772689
777150
777998
778476
797918
807804
838402
845917
847516
869852
941575
952138
991834
1002994
1025144
1028462
1044716
1061973
1103008
1117892
1175766
1179035
1179470
1181195
1189998
1239719
1247893
1253904
1276934
1296026
1298634
1304785
1319758
1332318
1349753
1360604
1387793
1387881
1396444
1397270
1412541
1421101
1422633
1429730
1430434
1431744
1445347
1447128
1456636
1475613
1492060
1495240
1495450
1505750
1508089
1557542
1560322
1562884
1571530
1611772
1612713
1620527
1628219
1632425
1649145
1670202
1672490
1676776
1684293
1695632
1699741
1701309
1717354
1719465
1735012
1749399
1768703
1778096
1780509
1786101
1793810
1809974
1814132
1826887
1859468
1875952
1880067
1899762
1906509
1909320
1937721
1991172
2079032
2098978
2104630
2127992
2129136
2140207
2148190
2150890
2159575
2190622
2226073
2226824
2227517
2230552
2239289
2241202
2244455
2245757
2266657
2300794
2311486
2316059
2318274
2338725
2382361
2383395
2409766
2425487
2427265
2439180
2451781
2461093
2470153
2539395
2564752
2567484
2579224
2620482
2622967
2623243
2624556
2628750
2649660
2659957
2677806
2678787
2684883
2691236
2734671
2735565
2744214
2745114
2831030
2853537
2853956
2891419
2908075
2942567
2951841
2958985
2968105
2977289
2986076
2997353
3001054
3007253
3029071
3046341
3058399
3058735
3061115
3079280
3134034
3150523
3153294
3159645
3165301
3183529
3226164
3243580
3261648
3285163
3287770
3319103
3368833
3373206
3374845
3385715
3393346
3405341
3422260
3445414
3468335
3469207
3472776
3502462
3513334
3525889
3528773
3536976
3545126
3546122
3563453
3566020
3566986
3585784
3590090
3596430
3598976
3669121
3673671
3678135
3680679
3683654
3756048
3762477
3769871
3773912
3780261
3809549
3812588
3837159
3842302
3865783
3877686
3900019
3910297
3921504
3942342
3942488
3992415
4035231
4038271
4052528
4079874
4085670
4110980
4181293
4197858
4199040
4227126
4278757
4308247
4312063
4327562
4332531
4339311
4349541
4354497
4373512
4386807
4406790
4418551
4420019
4528236
4548752
4574542
4592536
4594495
4595297
4608771
4614228
4625530
4653892
4666862
4679245
4679353
4727109
4728605
4757327
4765759
4777842
4779781
4780387
4794281
4797634
4813668
4834522
4850941
4860077
4880106
4901498
4906682
4943041
4956915
4968103
4968814
5003494
5020269
5022451
5024580
5041877
5058804
5119689
5153572
5157007
5160435
5194550
5202518
5226088
5275450
5296237
5301354
5313491
5337878
5341104
5341590
5346400
5351380
5361821
5365455
5384487
5401526
5420186
5421864
5487587
5504458
5531586
5533670
5582385
5591070
5595353
5617322
5618185
5620000
5679094
5680449
5692186
5697348
5702850
5703162
5717683
5729242
5749640
5753951
5758921
5804566
5813488
5839555
5843494
5852399
5858201
5887374
5890832
5895364
5897768
5911880
5920945
5924177
5927368
5939078
5943108
5953102
6007045
6018469
6029646
6031500
6049886
6051060
6077543
6109642
6110056
6116975
6161784
6186252
6196572
6206732
6220733
6278133
6332888
6341915
6348780
6370706
6388842
6389373
6391210
6402535
6413782
6469361
6483666
6495498
6519377
6527435
6534559
6536807
6556400
6568483
6581783
6586326
6596506
6597502
6616984
6617412
6620062
6635814
6641307
6653171
6669212
6672674
6673338
6682107
6707102
6727989
6729434
6741936
6761575
6762308
6764721
6789360
6828945
6835659
6842536
6856621
6888826
6909485
6935702
6957909
6959818
6962484
6980604
6992084
7004351
7012660
7021008
7028429
7041667
7081262
7088522
7092509
7093898
7117998
7129744
7130406
7132364
7132904
7159843
7164960
7181956
7212968
7220804
7222233
7251882
7252908
7285506
7289267
7325413
7345432
7392928
7418448
7472204
7487370
7538149
7550785
7553648
7554440
7568104
7579129
7590112
7603376
7660393
7662158
7678302
7692908
7697809
7717881
7718390
7773353
7777750
7792764
7803321
7809736
7825074
7845535
7853257
7854349
7871365
7876817
7881392
7901477
7908981
7955256
7963382
7972578
7972631
7975813
7983488
7987626
8004498
8010054
8019309
8031887
8035735
8045063
8046194
8049752
8057214
8082690
8086547
8093857
8104249
8126443
8170323
8178127
8212593
8216378
8235795
8240684
8246047
8257726
8263735
8292458
8346611
8351130
8356286
8387672
8392414
8392977
8397800
8399578
8403208
8422904
8425816
8446368
8467892
8515445
8568718
8572007
8573626
8597920
8601657
8603762
8635486
8635687
8643865
8645135
8655708
8661873
8684278
8708984
8719451
8740134
8765247
8772964
8819114
8926507
8938500
8947869
8984474
8996885
9035575
9036758
9062677
9065719
9065915
9071454
9080116
9083721
9098776
9100553
9115816
9129879
9129957
9168422
9175771
9184711
9250343
9260979
9271970
9272536
9276288
9277050
9325798
9347324
9363082
9379337
9383607
9397151
9406594
9419360
9428444
9469295
9478679
9518735
9524182
9573567
9581199
9593964
9595090
9620052
9630272
9665358
9671655
9691711
9705203
9753668
9761522
9767801
9771382
9772261
9778560
9791756
9793444
9804747
9812209
9816561
9837492
9875611
9888506
9900218
9934914
9950452
10042900
10061784
10064010
10077357
10088380
10096101
10157041
10207763
10222068
10243085
10250581
10258054
10270020
10276583
10287677
10289798
10296605
10308754
10311061
10368509
10380317
10391267
10404056
10411222
10422026
10428118
10461932
10512989
10559888
10560898
10590817
10608599
10619546
10622720
10638970
10639609
10640012
10650084
10655813
10669919
10671815
10676262
10679888
10783757
10808137
10838466
10861509
10873484
10874470
10959274
10964832
10974654
10981231
10992032
10996593
11000019
11000568
11011842
11021784
11030652
11055218
11124434
11125740
11162481
11175224
11202591
11213639
11241416
11250746
11257659
11257699
11289534
11291088
11320678
11376458
11415509
11425412
11446762
11474713
11496375
11499711
11507388
11509206
11529876
11549219
11555474
11562580
11589748
11592798
11607067
11622162
11640781
11641067
11642345
11645791
11647908
11665472
11681916
11689743
11695612
11764734
11772001
11773599
11792819
11807652
11818203
11829495
11835312
11836934
11843152
11854910
11868486
11897087
11921498
11925197
11926415
11985514
12000588
12002304
12018929
12028873
12030705
12040885
12042150
12045669
12046653
12052148
12064081
12091358
12139534
12176026
12195515
12197336
12201757
12228322
12238404
12266335
12267744
12280143
12283503
12297523
12302075
12303559
12307110
12321222
12332671
12370097
12447108
12449075
12455521
12470038
12471819
12490619
12522888
12540974
12549441
12562554
12562756
12563240
12574446
12603466
12612417
12631933
12640186
12658722
12659877
12686229
12688481
12696821
12730132
12743027
12757936
12793331
12797938
12806473
12807443
12809363
12809557
12810812
12832789
12861788
12874575
12901736
12907004
12940145
12949453
12963450
12964755
12988090
13004396
13005281
13011901
13021253
13024587
13026270
13036208
13050537
13077175
13088965
13095789
13101761
13103718
13104938
13110279
13117201
13132158
13139745
13161941
13173338
13178846
13212101
13236902
13241390
13246440
13249793
13251668
13257744
13280316
13281769
13306811
13328773
13333184
13336472
13344275
13345294
13347856
13362512
13376883
13395914
13398342
13400237
13405941
13410703
13426222
13426479
13426759
13471245
13478107
13482353
13489421
13501902
13514310
13514832
13517631
13521473
13539488
13600930
13604872
13624656
13675575
13678823
13728446
13739050
13752083
13764273
13794169
13797180
13797403
13813747
13817608
13821684
13861975
13869788
13887310
13887879
13913349
13913681
13922469
13982714
14028811
14028907
14029791
14030457
14039853
14077076
14080774
14136633
14146743
14149885
14152464
14173928
14179636
14190539
14204073
14211285
14249367
14250332
14270913
14278278
14289104
14307252
14344353
14348237
14374505
14375587
14375981
14428278
14442239
14445160
14447604
14451425
14465320
14466784
14542092
14569659
14577699
14602668
14608139
14611823
14621599
14626113
14649617
14662266
14670148
14685021
14685291
14706271
14737542
14761498
14781259
14793845
14836992
14851607
14872487
14874647
14916006
14935055
14939371
14963385
14966935
14977020
14990123
14993069
14995611
15000490
15027538
15028885
15032755
15038122
15038972
15042618
15045036
15058788
15076343
15088454
15090748
15096152
15108111
15112696
15126003
15141936
15142302
15202289
15221421
15229289
15241983
15264100
15370995
15379279
15384782
15405793
15412629
15424253
15425411
15425834
15426706
15475366
15543151
15566923
15644656
15648510
15653395
15712118
15731782
15742825
15755243
15783879
15784767
15801606
15819695
15829545
15850318
15855918
15858915
15877615
15887796
15901040
15919048
15935390
15938122
15951707
15975650
15990490
15992715
1044
