(0, 0, 0, 0, 127, 1, 0, 0, 0, 0, 0, 1, 1, 0, 0, 1, 1, 0, 0, 1, 0, 0, 0, 0, 0, 0, 0, 0, 0, 127, 127, 0, 0, 127, 0, 0, 1, 0, 0, 0, 127, 0, 127, 0, 1, 0, 0, 0, 0, 0, 0, 1, 0, 0, 1, 0, 0, 0, 0, 127, 1, 0, 0, 0, 0, 1, 127, 127, 0, 0, 0, 127, 0, 1, 0, 127, 0, 0, 0, 0, 0, 0, 0, 127, 127, 0, 0, 0, 0, 0, 0, 0, 127, 0, 0, 1, 0, 0, 0, 0, 0, 127, 0, 0, 0, 0, 0, 127, 0, 0, 0, 0, 0, 1, 1, 0, 0, 0, 0, 0, 127, 0, 0, 0, 0, 0, 1, 0, 1, 0, 0, 0, 0, 0, 0, 0, 0, 0, 0, 127, 0, 127, 0, 127, 0, 0, 0, 2, 0, 0, 0, 1, 0, 0, 0, 0, 0, 127, 0, 0, 0, 0, 0, 0, 0, 0, 0)
(0, 0, 0, 0, 127, 1, 0, 0, 0, 0, 0, 0, 1, 0, 0, 0, 1, 0, 0, 1, 0, 0, 127, 0, 0, 0, 0, 0, 0, 126, 127, 0, 1, 127, 0, 0, 1, 0, 0, 0, 0, 0, 127, 0, 0, 0, 0, 0, 0, 0, 0, 127, 0, 0, 1, 127, 0, 0, 0, 0, 0, 0, 0, 0, 0, 2, 0, 0, 0, 1, 0, 127, 0, 1, 1, 0, 127, 0, 0, 0, 1, 0, 0, 0, 0, 0, 0, 0, 0, 0, 0, 0, 127, 0, 0, 0, 0, 127, 0, 0, 1, 127, 0, 0, 0, 0, 0, 0, 0, 0, 0, 0, 0, 0, 1, 0, 0, 0, 1, 127, 0, 0, 0, 0, 0, 1, 1, 0, 0, 0, 127, 0, 127, 0, 0, 0, 0, 0, 0, 126, 0, 127, 0, 0, 0, 0, 0, 1, 0, 0, 0, 1, 0, 0, 0, 0, 0, 0, 0, 0, 0, 0, 0, 0, 0, 0, 0)
(0, 127, 0, 0, 1, 1, 0, 0, 0, 0, 0, 0, 1, 0, 0, 0, 1, 0, 0, 1, 0, 0, 0, 1, 0, 1, 0, 0, 0, 127, 0, 0, 0, 127, 1, 0, 1, 0, 0, 127, 0, 0, 127, 0, 0, 0, 0, 0, 0, 0, 0, 0, 0, 0, 0, 0, 127, 0, 0, 0, 0, 0, 0, 0, 0, 2, 0, 127, 0, 0, 0, 127, 0, 1, 0, 0, 0, 0, 0, 0, 127, 0, 0, 127, 0, 1, 0, 0, 0, 0, 0, 0, 127, 127, 1, 0, 0, 0, 0, 0, 0, 127, 0, 0, 0, 0, 0, 0, 0, 0, 1, 0, 0, 0, 2, 0, 0, 0, 127, 127, 0, 0, 127, 0, 0, 0, 1, 0, 0, 0, 0, 0, 127, 0, 0, 0, 0, 127, 0, 127, 0, 127, 0, 0, 1, 0, 0, 1, 0, 0, 0, 0, 1, 0, 0, 0, 0, 0, 0, 0, 0, 0, 0, 127, 0, 0, 0)
(0, 0, 0, 0, 0, 1, 0, 0, 0, 0, 0, 0, 1, 0, 0, 0, 1, 0, 0, 1, 1, 1, 127, 0, 127, 0, 0, 0, 0, 127, 0, 127, 0, 127, 0, 0, 1, 0, 0, 0, 0, 0, 127, 0, 0, 0, 0, 0, 1, 0, 0, 0, 0, 0, 1, 0, 0, 0, 0, 0, 0, 0, 0, 0, 1, 1, 1, 127, 0, 0, 127, 127, 0, 2, 0, 0, 0, 1, 0, 0, 0, 0, 0, 127, 0, 127, 0, 0, 0, 0, 0, 0, 0, 0, 0, 0, 0, 0, 127, 0, 0, 127, 1, 0, 0, 127, 0, 0, 0, 0, 0, 0, 0, 127, 1, 0, 0, 0, 0, 0, 0, 0, 0, 0, 0, 0, 1, 0, 0, 0, 0, 0, 127, 127, 0, 0, 0, 0, 0, 127, 0, 127, 0, 0, 0, 1, 0, 1, 0, 0, 0, 1, 0, 0, 0, 127, 0, 0, 0, 0, 0, 0, 0, 0, 0, 127, 0)
(0, 0, 0, 0, 0, 1, 0, 0, 127, 0, 1, 0, 1, 0, 0, 0, 1, 0, 0, 1, 0, 0, 0, 1, 0, 0, 0, 0, 0, 127, 0, 0, 0, 127, 0, 0, 1, 0, 0, 0, 0, 0, 127, 0, 0, 0, 1, 0, 0, 1, 0, 0, 0, 0, 1, 0, 0, 0, 0, 0, 0, 127, 0, 0, 0, 1, 0, 127, 0, 0, 0, 126, 0, 1, 0, 0, 0, 0, 0, 0, 0, 127, 0, 126, 0, 0, 0, 0, 0, 0, 0, 0, 127, 0, 0, 0, 0, 127, 0, 127, 0, 0, 0, 0, 1, 0, 0, 0, 0, 0, 0, 0, 0, 0, 1, 0, 0, 0, 0, 0, 0, 0, 0, 0, 0, 0, 0, 0, 0, 0, 1, 0, 127, 0, 0, 0, 0, 0, 0, 0, 0, 127, 127, 0, 0, 0, 127, 1, 1, 0, 0, 0, 0, 0, 0, 127, 0, 0, 0, 1, 1, 0, 0, 0, 0, 0, 0)
(0, 0, 0, 0, 0, 1, 0, 0, 0, 0, 1, 0, 1, 0, 0, 1, 1, 0, 0, 1, 0, 0, 0, 0, 0, 0, 0, 0, 1, 127, 0, 0, 0, 127, 1, 0, 1, 127, 0, 0, 0, 0, 127, 0, 0, 127, 0, 0, 0, 0, 0, 0, 0, 0, 2, 0, 0, 0, 1, 1, 0, 0, 1, 0, 0, 1, 0, 127, 0, 0, 0, 127, 0, 0, 127, 127, 0, 0, 0, 0, 0, 1, 0, 127, 0, 0, 0, 0, 0, 0, 0, 0, 127, 0, 127, 0, 0, 0, 0, 0, 0, 127, 0, 0, 0, 0, 0, 0, 0, 0, 0, 0, 0, 0, 1, 0, 0, 0, 0, 1, 0, 0, 0, 0, 0, 0, 1, 127, 0, 0, 0, 0, 127, 0, 0, 0, 0, 127, 0, 127, 0, 127, 0, 0, 0, 0, 0, 1, 127, 0, 127, 0, 0, 0, 0, 0, 0, 0, 0, 0, 0, 1, 127, 0, 0, 0, 0)
(0, 0, 1, 0, 0, 1, 0, 0, 0, 0, 0, 0, 2, 0, 0, 0, 1, 0, 0, 1, 0, 0, 0, 0, 0, 0, 0, 127, 0, 0, 0, 0, 0, 127, 0, 0, 1, 0, 127, 0, 127, 0, 127, 0, 0, 0, 0, 0, 0, 0, 0, 0, 0, 0, 1, 0, 0, 0, 127, 0, 0, 0, 0, 127, 0, 1, 0, 127, 0, 0, 0, 127, 0, 0, 0, 0, 1, 0, 0, 1, 127, 0, 0, 127, 1, 0, 0, 0, 0, 0, 1, 0, 127, 0, 0, 0, 0, 0, 0, 127, 0, 127, 0, 0, 1, 0, 0, 1, 0, 0, 0, 0, 0, 0, 1, 0, 0, 0, 127, 0, 0, 0, 0, 0, 0, 127, 1, 0, 0, 0, 0, 0, 127, 0, 0, 0, 0, 1, 0, 127, 0, 126, 0, 0, 0, 0, 0, 1, 0, 0, 0, 0, 0, 0, 0, 0, 0, 0, 0, 0, 0, 0, 0, 0, 0, 0, 1)
(0, 0, 0, 1, 0, 1, 0, 0, 0, 0, 0, 0, 1, 0, 127, 0, 1, 0, 0, 1, 0, 0, 0, 0, 0, 0, 0, 0, 0, 127, 0, 0, 0, 127, 0, 0, 1, 0, 0, 0, 127, 0, 127, 0, 0, 0, 0, 0, 0, 0, 0, 127, 127, 127, 1, 0, 0, 0, 1, 1, 0, 0, 1, 0, 0, 1, 0, 127, 1, 0, 0, 127, 0, 1, 0, 127, 0, 1, 0, 0, 0, 0, 0, 127, 127, 0, 0, 0, 0, 0, 0, 0, 127, 1, 1, 0, 0, 0, 0, 0, 0, 127, 0, 0, 0, 0, 0, 0, 0, 1, 0, 127, 0, 0, 1, 0, 0, 0, 0, 0, 0, 0, 0, 0, 0, 0, 1, 0, 0, 0, 0, 127, 127, 0, 0, 0, 0, 1, 0, 127, 0, 127, 0, 0, 0, 0, 0, 1, 0, 127, 0, 0, 1, 127, 0, 0, 0, 0, 0, 0, 0, 0, 0, 0, 0, 0, 0)
(0, 0, 0, 0, 0, 1, 127, 1, 0, 0, 0, 0, 1, 0, 0, 0, 1, 0, 0, 1, 0, 0, 1, 0, 127, 0, 0, 0, 0, 127, 0, 1, 0, 127, 0, 0, 0, 0, 0, 0, 0, 0, 127, 0, 127, 0, 0, 0, 0, 0, 0, 0, 0, 0, 0, 0, 0, 1, 0, 1, 0, 0, 0, 0, 0, 0, 1, 127, 0, 0, 127, 127, 0, 1, 0, 0, 0, 0, 0, 0, 0, 0, 0, 126, 0, 0, 0, 0, 0, 0, 0, 0, 127, 0, 0, 127, 1, 0, 1, 0, 0, 127, 0, 127, 0, 0, 0, 0, 0, 0, 1, 0, 0, 0, 1, 1, 127, 0, 0, 0, 0, 0, 0, 0, 0, 0, 1, 0, 0, 0, 0, 0, 0, 0, 0, 0, 0, 0, 0, 127, 0, 127, 0, 0, 0, 0, 0, 1, 0, 0, 0, 0, 0, 0, 0, 0, 0, 0, 0, 0, 0, 0, 0, 0, 0, 0, 0)
(1, 0, 0, 0, 0, 1, 0, 0, 0, 127, 0, 127, 1, 0, 0, 0, 0, 0, 0, 1, 0, 0, 0, 1, 127, 0, 0, 0, 0, 127, 0, 0, 1, 127, 0, 0, 1, 127, 0, 127, 0, 0, 127, 0, 0, 0, 0, 0, 0, 0, 0, 0, 0, 0, 1, 0, 0, 0, 0, 1, 0, 0, 0, 0, 0, 2, 0, 126, 0, 0, 0, 127, 0, 1, 0, 0, 0, 0, 0, 0, 0, 127, 0, 127, 0, 0, 0, 0, 127, 0, 0, 0, 127, 0, 0, 0, 0, 0, 0, 0, 0, 126, 0, 0, 0, 1, 0, 0, 0, 0, 0, 0, 0, 0, 0, 0, 1, 0, 0, 1, 0, 0, 0, 0, 0, 0, 1, 0, 0, 0, 0, 0, 127, 0, 0, 0, 0, 0, 0, 127, 0, 0, 1, 0, 0, 0, 0, 1, 1, 0, 0, 0, 0, 0, 0, 0, 0, 0, 0, 0, 0, 0, 0, 0, 0, 0, 0)
(0, 127, 0, 0, 0, 0, 0, 0, 1, 0, 0, 0, 2, 0, 0, 127, 1, 0, 0, 1, 0, 0, 0, 0, 1, 0, 0, 0, 127, 126, 127, 0, 0, 127, 0, 0, 1, 0, 0, 0, 0, 0, 127, 0, 0, 0, 0, 0, 0, 0, 0, 1, 0, 0, 1, 0, 0, 0, 0, 0, 0, 0, 0, 0, 127, 1, 0, 127, 0, 0, 0, 127, 0, 1, 0, 0, 0, 0, 0, 0, 1, 0, 0, 127, 0, 0, 0, 0, 0, 0, 0, 0, 127, 0, 0, 0, 1, 0, 0, 0, 1, 127, 0, 0, 0, 0, 0, 0, 0, 0, 0, 0, 0, 1, 1, 0, 0, 0, 0, 0, 0, 0, 0, 0, 0, 127, 1, 0, 0, 0, 0, 0, 127, 0, 0, 0, 0, 0, 0, 127, 0, 0, 0, 0, 0, 1, 0, 1, 127, 0, 0, 0, 0, 127, 127, 0, 0, 1, 0, 0, 0, 0, 0, 0, 0, 0, 0)
(0, 0, 0, 0, 0, 1, 0, 0, 0, 0, 0, 0, 1, 0, 0, 0, 1, 0, 0, 0, 0, 0, 0, 0, 0, 0, 0, 0, 0, 127, 0, 0, 0, 127, 0, 0, 1, 0, 0, 0, 0, 0, 127, 0, 0, 0, 1, 0, 127, 127, 0, 0, 0, 0, 1, 0, 0, 127, 0, 127, 1, 0, 0, 0, 0, 1, 127, 127, 0, 0, 0, 127, 0, 1, 1, 0, 0, 0, 127, 0, 0, 127, 0, 127, 1, 0, 0, 0, 0, 0, 0, 0, 127, 0, 0, 0, 127, 0, 0, 0, 0, 126, 0, 0, 0, 0, 0, 0, 0, 0, 0, 0, 0, 0, 1, 0, 0, 0, 0, 0, 0, 0, 0, 0, 0, 1, 1, 0, 127, 0, 0, 0, 127, 0, 1, 0, 0, 0, 0, 0, 0, 127, 0, 0, 0, 1, 0, 1, 0, 0, 1, 0, 0, 0, 0, 0, 1, 0, 0, 1, 0, 0, 0, 0, 0, 0, 0)
(0, 1, 0, 0, 0, 2, 0, 0, 0, 0, 0, 0, 1, 0, 0, 0, 1, 0, 0, 2, 0, 0, 0, 0, 127, 0, 0, 127, 0, 0, 0, 0, 1, 127, 0, 0, 1, 127, 0, 0, 0, 1, 127, 0, 0, 1, 0, 0, 0, 0, 0, 1, 0, 0, 1, 0, 0, 0, 0, 0, 0, 0, 0, 0, 0, 1, 0, 127, 0, 0, 0, 127, 0, 1, 0, 127, 0, 0, 0, 0, 0, 0, 0, 127, 1, 127, 0, 0, 0, 0, 0, 0, 127, 0, 0, 0, 0, 0, 0, 0, 0, 127, 0, 0, 0, 0, 0, 1, 0, 0, 0, 0, 0, 0, 1, 0, 0, 0, 0, 0, 0, 0, 0, 0, 0, 0, 1, 0, 127, 0, 1, 0, 127, 0, 0, 0, 0, 0, 0, 127, 0, 127, 127, 0, 0, 0, 0, 0, 0, 0, 0, 0, 0, 0, 0, 127, 0, 0, 0, 0, 0, 0, 0, 127, 0, 127, 0)
(0, 0, 0, 0, 0, 1, 0, 0, 0, 0, 0, 0, 2, 0, 0, 0, 1, 0, 0, 1, 0, 0, 0, 0, 0, 127, 1, 127, 0, 127, 0, 0, 0, 127, 0, 0, 2, 0, 0, 0, 0, 0, 127, 0, 0, 0, 0, 0, 127, 0, 0, 127, 0, 0, 1, 0, 1, 0, 0, 0, 0, 0, 0, 0, 0, 1, 0, 127, 0, 0, 0, 0, 0, 2, 0, 0, 0, 0, 0, 0, 127, 0, 0, 127, 0, 0, 0, 0, 0, 0, 0, 0, 126, 0, 0, 0, 0, 0, 0, 0, 0, 127, 0, 0, 0, 0, 1, 127, 0, 0, 0, 0, 0, 1, 1, 0, 0, 0, 0, 0, 0, 0, 0, 0, 0, 0, 1, 0, 0, 0, 0, 0, 127, 0, 127, 0, 0, 1, 1, 127, 0, 127, 0, 127, 0, 0, 127, 1, 0, 0, 0, 0, 1, 0, 0, 0, 0, 0, 0, 0, 0, 0, 0, 0, 127, 0, 0)
(0, 0, 0, 0, 0, 1, 0, 0, 127, 0, 0, 0, 1, 0, 127, 0, 1, 127, 0, 1, 0, 0, 0, 0, 0, 0, 0, 127, 0, 127, 0, 0, 0, 127, 0, 0, 1, 1, 0, 0, 127, 0, 127, 0, 0, 1, 0, 0, 0, 0, 0, 0, 1, 0, 1, 0, 0, 0, 0, 0, 1, 0, 0, 1, 0, 1, 0, 127, 0, 0, 0, 127, 0, 1, 0, 0, 0, 0, 0, 0, 0, 0, 0, 127, 0, 0, 0, 127, 0, 0, 0, 0, 127, 0, 0, 127, 0, 0, 0, 0, 0, 127, 0, 0, 0, 0, 127, 127, 0, 0, 0, 0, 1, 0, 1, 0, 0, 0, 0, 0, 0, 0, 0, 1, 0, 0, 0, 0, 0, 0, 0, 0, 127, 127, 0, 0, 0, 0, 0, 127, 0, 127, 1, 0, 0, 0, 0, 1, 0, 0, 0, 0, 0, 0, 1, 0, 0, 0, 1, 0, 0, 0, 0, 0, 1, 0, 0)
(0, 0, 0, 0, 0, 1, 0, 1, 0, 0, 0, 0, 1, 0, 0, 0, 1, 127, 0, 1, 0, 1, 0, 0, 0, 0, 0, 0, 0, 127, 127, 0, 1, 127, 0, 0, 1, 0, 0, 0, 0, 0, 0, 0, 0, 0, 0, 1, 0, 1, 0, 0, 0, 0, 1, 0, 0, 0, 0, 0, 1, 0, 0, 0, 0, 1, 127, 127, 1, 0, 0, 127, 0, 1, 0, 0, 0, 127, 0, 0, 0, 127, 0, 127, 0, 0, 0, 0, 0, 0, 0, 0, 127, 0, 0, 0, 0, 0, 0, 0, 0, 126, 0, 0, 1, 0, 0, 0, 0, 0, 0, 127, 0, 0, 1, 0, 0, 0, 0, 0, 0, 0, 0, 0, 0, 0, 1, 0, 1, 127, 127, 0, 127, 0, 0, 0, 0, 0, 0, 127, 0, 127, 0, 1, 0, 0, 0, 1, 0, 0, 0, 0, 127, 0, 0, 127, 0, 0, 0, 0, 0, 0, 0, 0, 0, 0, 0)
(0, 0, 0, 0, 0, 1, 0, 1, 0, 0, 0, 0, 1, 0, 0, 0, 1, 127, 0, 1, 0, 0, 127, 0, 0, 1, 1, 0, 0, 126, 0, 0, 0, 127, 0, 1, 1, 0, 0, 127, 0, 0, 127, 0, 0, 0, 0, 0, 0, 0, 127, 0, 0, 0, 1, 0, 127, 0, 0, 0, 0, 0, 0, 0, 127, 1, 0, 127, 0, 0, 0, 127, 0, 1, 0, 0, 0, 0, 0, 1, 0, 0, 0, 127, 0, 0, 0, 0, 0, 0, 0, 0, 0, 0, 0, 0, 0, 0, 0, 0, 0, 127, 0, 0, 0, 0, 0, 127, 0, 0, 0, 0, 0, 0, 1, 0, 0, 0, 0, 0, 0, 0, 0, 1, 0, 1, 1, 0, 0, 0, 0, 0, 127, 0, 1, 0, 0, 0, 0, 126, 0, 127, 0, 0, 0, 0, 0, 1, 0, 0, 1, 0, 0, 0, 127, 0, 0, 0, 0, 0, 0, 127, 0, 0, 0, 0, 1)
(0, 0, 0, 127, 127, 1, 0, 0, 1, 0, 0, 0, 1, 127, 0, 0, 1, 0, 127, 0, 0, 0, 0, 0, 0, 0, 0, 0, 0, 127, 1, 0, 0, 127, 0, 0, 1, 1, 0, 0, 0, 0, 127, 0, 0, 0, 0, 0, 0, 0, 0, 0, 0, 0, 1, 0, 0, 0, 0, 0, 0, 0, 0, 0, 0, 1, 0, 127, 0, 0, 0, 127, 0, 1, 0, 0, 0, 0, 0, 0, 0, 127, 0, 126, 0, 0, 0, 0, 127, 1, 0, 1, 127, 0, 0, 0, 0, 1, 0, 0, 0, 127, 0, 0, 127, 0, 0, 0, 0, 1, 0, 0, 0, 0, 1, 0, 0, 0, 127, 0, 0, 0, 0, 0, 0, 0, 1, 0, 0, 0, 0, 0, 127, 127, 0, 0, 1, 0, 0, 127, 0, 127, 1, 0, 0, 0, 0, 1, 0, 0, 0, 0, 0, 0, 0, 0, 0, 0, 0, 0, 0, 0, 1, 1, 0, 0, 0)
(0, 0, 0, 0, 0, 1, 0, 0, 0, 0, 0, 0, 1, 0, 0, 0, 1, 1, 0, 0, 0, 0, 0, 0, 0, 0, 0, 127, 1, 127, 1, 0, 0, 127, 0, 0, 1, 1, 0, 0, 127, 0, 127, 0, 0, 0, 0, 0, 0, 127, 0, 1, 0, 0, 1, 0, 0, 0, 0, 0, 0, 0, 0, 0, 0, 1, 0, 127, 0, 0, 0, 127, 0, 1, 127, 1, 0, 0, 0, 0, 0, 0, 1, 127, 0, 0, 127, 0, 0, 0, 0, 0, 127, 0, 0, 1, 0, 0, 0, 0, 0, 127, 0, 0, 0, 0, 0, 0, 0, 0, 1, 0, 0, 0, 1, 1, 0, 0, 0, 0, 0, 0, 0, 0, 0, 0, 1, 0, 0, 0, 0, 0, 127, 0, 0, 0, 0, 0, 127, 126, 0, 127, 0, 0, 127, 0, 0, 1, 0, 0, 0, 0, 0, 0, 0, 127, 1, 0, 0, 0, 0, 0, 0, 0, 0, 127, 0)
(0, 0, 0, 0, 0, 1, 0, 127, 0, 0, 1, 0, 1, 0, 0, 0, 1, 127, 1, 2, 0, 0, 0, 0, 0, 0, 0, 0, 0, 127, 0, 0, 0, 127, 0, 0, 1, 0, 0, 127, 127, 0, 0, 0, 0, 0, 0, 0, 0, 0, 0, 0, 0, 0, 1, 0, 0, 0, 0, 0, 0, 0, 127, 0, 0, 1, 1, 127, 0, 0, 0, 127, 0, 1, 0, 0, 0, 0, 0, 0, 0, 0, 0, 127, 0, 0, 0, 1, 0, 0, 0, 0, 127, 127, 0, 0, 0, 0, 0, 0, 0, 127, 0, 0, 0, 0, 0, 0, 0, 0, 0, 0, 0, 0, 1, 0, 0, 0, 0, 0, 127, 0, 0, 0, 0, 0, 1, 0, 0, 0, 0, 0, 0, 1, 0, 0, 0, 0, 0, 126, 0, 127, 0, 0, 1, 0, 0, 2, 127, 0, 0, 0, 0, 0, 0, 0, 0, 0, 0, 0, 127, 127, 0, 0, 1, 0, 0)
(0, 1, 0, 0, 0, 1, 127, 0, 0, 1, 0, 1, 1, 0, 0, 0, 1, 0, 0, 1, 1, 0, 0, 0, 0, 0, 0, 0, 0, 127, 0, 0, 0, 0, 0, 0, 1, 0, 0, 0, 0, 0, 127, 1, 0, 0, 0, 127, 0, 0, 0, 0, 0, 0, 1, 0, 0, 0, 0, 127, 0, 0, 0, 0, 0, 1, 0, 127, 0, 0, 0, 127, 0, 1, 0, 0, 0, 0, 0, 127, 0, 0, 0, 127, 0, 0, 0, 0, 0, 0, 1, 0, 0, 0, 127, 127, 0, 127, 0, 0, 0, 126, 0, 0, 0, 0, 0, 0, 0, 0, 1, 0, 0, 0, 1, 0, 0, 1, 0, 0, 0, 0, 0, 0, 0, 0, 2, 0, 0, 0, 0, 0, 126, 0, 0, 0, 0, 0, 0, 127, 0, 127, 0, 0, 0, 0, 0, 1, 0, 0, 0, 0, 0, 0, 0, 127, 127, 0, 0, 0, 0, 0, 0, 0, 0, 0, 0)
(0, 0, 0, 0, 0, 1, 0, 0, 0, 0, 127, 0, 1, 0, 0, 0, 1, 0, 0, 1, 0, 0, 0, 0, 0, 0, 0, 0, 0, 0, 0, 0, 127, 127, 0, 0, 1, 0, 0, 0, 0, 0, 127, 0, 1, 0, 0, 0, 0, 0, 0, 0, 0, 0, 1, 0, 0, 0, 127, 0, 127, 0, 0, 0, 1, 1, 0, 127, 0, 0, 0, 127, 0, 1, 0, 0, 0, 0, 0, 0, 0, 0, 1, 127, 0, 0, 1, 127, 0, 0, 0, 0, 127, 1, 0, 0, 1, 0, 127, 0, 0, 0, 0, 0, 0, 0, 0, 0, 0, 0, 0, 0, 127, 1, 1, 0, 127, 0, 0, 0, 0, 0, 127, 0, 0, 0, 1, 0, 0, 0, 0, 0, 127, 0, 0, 0, 0, 0, 0, 127, 0, 127, 0, 0, 1, 0, 0, 1, 0, 0, 0, 0, 0, 0, 0, 127, 0, 0, 1, 0, 0, 0, 0, 0, 0, 0, 127)
(0, 0, 0, 0, 0, 1, 0, 0, 0, 0, 1, 0, 1, 0, 0, 0, 1, 0, 0, 1, 0, 127, 0, 0, 127, 0, 0, 1, 0, 127, 127, 0, 0, 127, 0, 0, 1, 0, 0, 0, 0, 0, 0, 0, 0, 0, 0, 0, 0, 127, 0, 0, 0, 0, 0, 0, 127, 0, 0, 0, 127, 0, 0, 0, 1, 1, 0, 127, 0, 0, 0, 127, 0, 1, 0, 0, 127, 0, 0, 0, 0, 0, 0, 127, 1, 0, 0, 127, 0, 0, 0, 0, 127, 1, 0, 0, 0, 0, 0, 0, 127, 127, 0, 0, 0, 0, 0, 0, 1, 0, 0, 0, 0, 0, 1, 0, 0, 0, 0, 0, 0, 0, 1, 0, 0, 0, 1, 0, 0, 0, 0, 0, 127, 0, 1, 0, 0, 0, 0, 127, 0, 0, 0, 0, 0, 0, 0, 1, 0, 0, 1, 0, 0, 0, 127, 0, 0, 0, 0, 0, 0, 0, 0, 0, 0, 0, 0)
(1, 0, 0, 0, 0, 1, 0, 0, 0, 0, 0, 0, 1, 0, 0, 0, 1, 0, 0, 1, 0, 0, 0, 0, 1, 0, 0, 0, 0, 0, 0, 0, 0, 127, 127, 0, 1, 127, 0, 0, 0, 1, 127, 0, 0, 0, 0, 0, 127, 0, 0, 0, 0, 0, 2, 0, 0, 0, 127, 0, 0, 1, 0, 0, 0, 1, 0, 127, 0, 127, 0, 127, 0, 1, 1, 0, 0, 0, 0, 0, 0, 0, 0, 0, 0, 0, 0, 0, 0, 0, 0, 0, 127, 0, 0, 0, 0, 0, 0, 0, 0, 127, 0, 0, 0, 0, 0, 0, 0, 0, 0, 127, 0, 0, 1, 0, 0, 0, 0, 0, 0, 1, 0, 1, 0, 0, 1, 0, 0, 127, 0, 0, 127, 0, 0, 0, 0, 127, 127, 127, 0, 0, 0, 0, 0, 0, 0, 1, 0, 0, 0, 0, 127, 0, 0, 0, 0, 0, 0, 0, 0, 0, 0, 0, 127, 0, 0)
(0, 127, 0, 0, 1, 1, 1, 0, 0, 0, 0, 0, 1, 0, 0, 0, 0, 0, 0, 1, 0, 0, 0, 0, 0, 1, 0, 0, 0, 126, 0, 0, 0, 127, 0, 0, 1, 127, 0, 0, 0, 1, 127, 0, 0, 0, 0, 1, 0, 0, 0, 0, 0, 0, 1, 0, 0, 0, 0, 0, 0, 0, 0, 0, 0, 1, 0, 127, 0, 0, 0, 127, 127, 1, 127, 0, 0, 0, 0, 1, 0, 0, 0, 127, 1, 0, 0, 0, 0, 0, 0, 0, 127, 0, 0, 0, 0, 0, 1, 0, 0, 127, 0, 127, 0, 0, 0, 0, 0, 0, 0, 0, 0, 127, 1, 0, 0, 0, 0, 0, 1, 1, 1, 0, 0, 0, 1, 0, 0, 0, 0, 0, 127, 0, 0, 0, 0, 0, 127, 127, 0, 126, 0, 0, 0, 0, 0, 1, 0, 0, 0, 0, 0, 0, 0, 0, 127, 0, 0, 0, 0, 0, 0, 0, 0, 0, 0)
(0, 0, 0, 0, 0, 1, 0, 0, 0, 0, 0, 0, 1, 0, 0, 0, 1, 0, 0, 1, 0, 0, 0, 0, 0, 1, 0, 0, 0, 127, 0, 0, 0, 127, 127, 1, 1, 0, 0, 0, 0, 0, 127, 0, 127, 0, 0, 0, 0, 0, 1, 0, 0, 0, 1, 1, 0, 127, 0, 0, 0, 0, 0, 0, 0, 1, 0, 127, 0, 0, 0, 127, 0, 1, 0, 0, 1, 0, 127, 127, 0, 0, 0, 127, 0, 0, 0, 0, 0, 0, 0, 0, 126, 0, 1, 1, 127, 1, 0, 0, 0, 127, 0, 0, 0, 0, 0, 0, 0, 0, 0, 0, 0, 0, 1, 0, 0, 0, 0, 0, 0, 0, 0, 0, 0, 0, 0, 127, 0, 0, 0, 0, 127, 0, 0, 1, 0, 0, 0, 127, 0, 127, 0, 0, 0, 0, 0, 1, 0, 0, 0, 0, 127, 127, 0, 0, 0, 1, 0, 0, 0, 1, 0, 0, 0, 0, 0)
(1, 0, 0, 1, 1, 1, 0, 0, 0, 0, 0, 0, 1, 0, 0, 0, 1, 0, 0, 1, 0, 0, 0, 0, 0, 0, 0, 0, 0, 0, 0, 0, 0, 127, 0, 0, 1, 0, 0, 0, 0, 1, 127, 0, 0, 0, 1, 0, 0, 0, 0, 0, 0, 0, 1, 0, 0, 0, 0, 0, 0, 0, 0, 0, 0, 1, 0, 127, 1, 0, 0, 127, 0, 1, 0, 127, 0, 0, 0, 127, 0, 0, 127, 127, 0, 0, 0, 0, 0, 0, 0, 0, 127, 127, 0, 0, 1, 127, 1, 0, 0, 126, 0, 0, 0, 0, 0, 0, 0, 0, 0, 0, 0, 0, 0, 127, 0, 0, 0, 0, 0, 0, 1, 0, 0, 0, 1, 0, 0, 0, 0, 0, 127, 0, 0, 0, 0, 0, 0, 127, 0, 127, 0, 0, 0, 127, 0, 1, 0, 1, 0, 0, 0, 0, 0, 0, 0, 0, 0, 127, 0, 127, 0, 0, 0, 0, 0)
(0, 0, 0, 0, 0, 0, 0, 0, 0, 0, 0, 127, 2, 0, 0, 0, 1, 0, 0, 1, 0, 0, 0, 0, 0, 127, 0, 0, 0, 127, 0, 0, 0, 127, 0, 0, 1, 0, 1, 0, 0, 0, 127, 0, 0, 0, 0, 0, 127, 1, 0, 0, 0, 0, 1, 0, 0, 1, 1, 0, 0, 0, 0, 0, 0, 1, 0, 127, 127, 0, 127, 127, 0, 1, 0, 0, 0, 0, 0, 0, 0, 0, 0, 127, 0, 0, 127, 0, 0, 0, 0, 0, 127, 0, 0, 0, 1, 0, 0, 127, 1, 127, 0, 0, 0, 0, 0, 0, 0, 0, 0, 0, 0, 0, 1, 0, 0, 0, 0, 0, 0, 1, 1, 0, 0, 0, 1, 0, 0, 0, 0, 0, 127, 0, 0, 1, 0, 0, 0, 127, 0, 127, 0, 0, 127, 0, 0, 0, 1, 0, 0, 0, 0, 0, 0, 0, 0, 127, 0, 0, 0, 0, 0, 0, 0, 0, 0)
(127, 0, 0, 0, 0, 1, 0, 1, 0, 0, 0, 0, 0, 0, 0, 0, 1, 0, 0, 1, 127, 0, 1, 0, 0, 0, 0, 0, 0, 127, 0, 0, 0, 127, 0, 0, 0, 0, 0, 1, 0, 0, 127, 0, 0, 0, 0, 0, 1, 0, 0, 0, 0, 0, 1, 0, 0, 0, 0, 0, 0, 127, 0, 0, 0, 1, 1, 127, 0, 0, 0, 127, 0, 0, 0, 0, 127, 0, 0, 0, 0, 0, 0, 127, 0, 0, 127, 0, 0, 0, 127, 0, 127, 127, 0, 0, 1, 0, 0, 0, 0, 127, 0, 0, 0, 0, 0, 0, 0, 0, 0, 0, 0, 0, 2, 0, 0, 0, 0, 0, 0, 0, 0, 0, 0, 0, 1, 1, 1, 0, 0, 0, 127, 0, 0, 0, 0, 0, 0, 127, 1, 127, 0, 0, 0, 0, 0, 1, 0, 0, 0, 0, 0, 0, 127, 0, 0, 0, 0, 0, 0, 0, 0, 1, 0, 0, 0)
(0, 0, 0, 0, 0, 1, 0, 0, 0, 0, 0, 0, 1, 0, 0, 0, 1, 0, 0, 1, 0, 0, 0, 0, 0, 0, 0, 0, 0, 127, 0, 0, 0, 127, 0, 0, 1, 0, 0, 0, 0, 127, 127, 0, 1, 127, 0, 0, 0, 0, 0, 0, 1, 127, 1, 0, 0, 0, 0, 1, 0, 0, 127, 0, 0, 1, 0, 127, 0, 0, 0, 0, 127, 1, 0, 0, 0, 0, 1, 0, 0, 0, 0, 127, 0, 0, 0, 0, 0, 127, 0, 0, 127, 0, 1, 0, 0, 0, 0, 0, 0, 127, 0, 0, 127, 0, 0, 127, 1, 0, 0, 1, 0, 0, 1, 0, 0, 0, 127, 1, 127, 0, 0, 0, 0, 0, 1, 0, 0, 0, 0, 0, 127, 0, 0, 0, 0, 0, 0, 127, 127, 127, 0, 0, 0, 0, 0, 1, 0, 0, 0, 0, 0, 0, 0, 0, 0, 0, 0, 1, 0, 0, 0, 0, 0, 0, 1)
(0, 0, 0, 0, 0, 1, 1, 0, 1, 0, 0, 0, 1, 0, 0, 0, 1, 1, 0, 1, 0, 0, 0, 0, 127, 127, 0, 0, 0, 127, 0, 0, 127, 127, 0, 0, 1, 0, 0, 0, 127, 0, 127, 0, 0, 0, 0, 0, 127, 0, 0, 0, 0, 0, 1, 0, 0, 0, 0, 0, 1, 0, 0, 1, 0, 1, 0, 127, 0, 0, 1, 127, 0, 1, 0, 0, 0, 0, 0, 0, 127, 0, 0, 127, 0, 0, 0, 0, 0, 0, 0, 0, 126, 0, 0, 0, 0, 0, 0, 0, 0, 127, 0, 0, 0, 0, 0, 0, 0, 0, 0, 0, 0, 0, 1, 0, 0, 0, 0, 0, 0, 0, 0, 0, 0, 0, 2, 0, 0, 0, 0, 1, 127, 0, 0, 127, 0, 0, 1, 127, 0, 127, 0, 0, 0, 0, 0, 1, 127, 0, 0, 127, 0, 0, 0, 1, 0, 0, 0, 0, 0, 0, 0, 1, 127, 0, 0)
(0, 0, 0, 0, 0, 1, 0, 0, 0, 0, 0, 0, 1, 0, 0, 0, 1, 0, 0, 1, 0, 0, 0, 0, 0, 1, 0, 0, 0, 127, 0, 127, 0, 0, 0, 0, 1, 0, 0, 0, 0, 127, 126, 0, 0, 0, 0, 127, 0, 0, 0, 0, 0, 0, 1, 0, 0, 0, 1, 0, 0, 0, 0, 0, 0, 1, 0, 127, 0, 0, 0, 127, 0, 1, 0, 0, 0, 0, 0, 0, 0, 1, 0, 127, 1, 0, 127, 0, 0, 0, 0, 0, 127, 1, 0, 0, 127, 0, 0, 0, 0, 126, 0, 0, 0, 0, 0, 0, 0, 0, 127, 127, 1, 0, 1, 0, 0, 1, 0, 0, 0, 0, 0, 0, 0, 0, 1, 127, 0, 0, 0, 0, 127, 0, 0, 0, 0, 0, 0, 127, 0, 127, 0, 0, 1, 0, 0, 1, 0, 0, 0, 0, 0, 0, 1, 0, 0, 1, 0, 0, 0, 0, 0, 0, 127, 0, 0)
(0, 0, 0, 0, 0, 1, 0, 0, 0, 0, 0, 0, 1, 0, 0, 0, 1, 0, 0, 1, 0, 0, 0, 0, 0, 0, 0, 0, 0, 127, 0, 0, 0, 127, 0, 0, 1, 0, 0, 0, 1, 0, 127, 0, 0, 0, 0, 0, 0, 0, 0, 0, 0, 0, 1, 127, 0, 0, 0, 0, 0, 0, 1, 0, 0, 0, 0, 127, 127, 127, 0, 127, 0, 1, 0, 1, 0, 0, 0, 0, 0, 0, 0, 127, 1, 0, 0, 127, 0, 0, 0, 1, 127, 1, 0, 0, 0, 0, 0, 0, 0, 127, 0, 0, 0, 0, 0, 0, 0, 0, 0, 0, 0, 0, 1, 0, 0, 127, 0, 0, 0, 0, 127, 0, 0, 0, 1, 0, 0, 0, 1, 0, 127, 0, 0, 0, 0, 0, 0, 0, 0, 126, 0, 0, 0, 1, 127, 1, 1, 0, 0, 0, 0, 0, 127, 127, 0, 0, 0, 0, 1, 0, 0, 0, 0, 0, 0)
(0, 127, 0, 0, 0, 1, 0, 1, 0, 0, 0, 0, 1, 0, 127, 0, 2, 0, 0, 1, 0, 0, 0, 0, 0, 127, 0, 1, 127, 0, 0, 0, 0, 127, 127, 0, 2, 0, 0, 0, 0, 0, 127, 0, 0, 0, 0, 0, 0, 0, 0, 1, 0, 0, 1, 0, 0, 0, 0, 0, 0, 0, 0, 0, 0, 1, 0, 127, 0, 0, 0, 127, 0, 1, 0, 0, 0, 0, 0, 127, 0, 0, 0, 127, 0, 0, 0, 0, 0, 0, 1, 0, 127, 127, 1, 0, 0, 1, 127, 0, 0, 127, 0, 0, 0, 0, 0, 0, 0, 0, 0, 0, 0, 0, 1, 0, 0, 0, 0, 0, 0, 0, 0, 127, 0, 0, 1, 0, 0, 0, 0, 0, 127, 0, 0, 0, 0, 0, 0, 127, 0, 127, 0, 0, 0, 1, 0, 1, 0, 127, 0, 0, 0, 127, 0, 1, 0, 0, 0, 0, 0, 0, 0, 0, 0, 0, 0)
(0, 1, 0, 0, 0, 1, 0, 0, 0, 0, 0, 0, 1, 0, 0, 0, 1, 0, 127, 1, 1, 0, 0, 127, 0, 0, 1, 0, 0, 127, 0, 0, 0, 127, 0, 0, 0, 0, 0, 0, 0, 0, 127, 1, 0, 0, 0, 0, 0, 0, 0, 0, 0, 0, 1, 0, 0, 0, 0, 0, 1, 0, 0, 0, 127, 1, 1, 127, 0, 0, 0, 127, 0, 1, 0, 0, 0, 0, 0, 0, 0, 0, 127, 126, 0, 0, 0, 0, 0, 0, 0, 0, 126, 0, 1, 0, 0, 0, 0, 0, 0, 127, 0, 0, 0, 127, 0, 0, 0, 0, 0, 1, 0, 0, 1, 0, 0, 0, 0, 0, 0, 0, 0, 0, 0, 0, 1, 0, 0, 0, 0, 0, 127, 0, 0, 0, 0, 0, 0, 0, 0, 126, 0, 1, 0, 0, 0, 1, 0, 0, 0, 127, 0, 0, 0, 0, 0, 1, 0, 127, 0, 0, 0, 0, 0, 0, 0)
(0, 0, 0, 0, 0, 1, 127, 127, 0, 0, 0, 0, 1, 0, 0, 1, 1, 127, 1, 1, 0, 0, 0, 0, 0, 1, 0, 0, 0, 0, 0, 0, 0, 127, 1, 0, 1, 0, 0, 1, 0, 0, 127, 0, 0, 0, 0, 0, 0, 0, 127, 0, 0, 0, 1, 0, 0, 0, 0, 0, 0, 0, 0, 0, 0, 1, 0, 127, 0, 0, 0, 127, 0, 1, 0, 0, 0, 0, 0, 0, 0, 0, 0, 127, 0, 0, 0, 127, 0, 0, 0, 0, 127, 0, 0, 0, 0, 0, 0, 0, 127, 127, 0, 0, 0, 0, 127, 0, 0, 127, 0, 0, 0, 1, 2, 0, 0, 0, 0, 1, 0, 0, 0, 0, 0, 0, 0, 0, 0, 0, 1, 0, 127, 0, 0, 0, 0, 0, 0, 127, 0, 127, 0, 0, 0, 0, 0, 1, 0, 0, 0, 0, 0, 0, 1, 0, 0, 0, 0, 0, 127, 0, 127, 0, 0, 0, 0)
(0, 0, 0, 0, 0, 1, 0, 0, 0, 0, 0, 1, 1, 0, 0, 0, 1, 127, 1, 1, 0, 0, 0, 0, 0, 0, 0, 1, 0, 127, 0, 0, 0, 126, 0, 127, 1, 0, 0, 0, 0, 0, 127, 0, 1, 0, 0, 1, 1, 0, 0, 0, 0, 0, 1, 0, 0, 0, 0, 0, 0, 0, 0, 0, 0, 1, 0, 127, 127, 0, 0, 127, 0, 1, 0, 0, 0, 0, 0, 0, 0, 0, 127, 127, 0, 0, 0, 0, 0, 0, 0, 0, 127, 0, 127, 127, 0, 0, 0, 0, 0, 127, 0, 0, 0, 0, 0, 0, 0, 0, 1, 1, 0, 0, 0, 0, 0, 0, 0, 0, 0, 0, 127, 0, 0, 0, 1, 0, 0, 1, 0, 0, 127, 0, 0, 0, 0, 0, 1, 127, 0, 127, 0, 0, 0, 0, 1, 1, 0, 127, 0, 0, 0, 0, 0, 0, 0, 0, 0, 0, 0, 127, 0, 0, 0, 0, 0)
(0, 1, 0, 0, 0, 1, 0, 127, 0, 0, 127, 0, 1, 0, 0, 0, 0, 0, 0, 1, 0, 0, 0, 0, 0, 0, 0, 0, 0, 127, 0, 0, 0, 127, 0, 0, 1, 0, 0, 0, 0, 0, 127, 0, 0, 0, 0, 0, 0, 0, 0, 0, 0, 0, 1, 0, 127, 0, 0, 0, 0, 0, 0, 0, 0, 1, 127, 127, 0, 0, 0, 127, 0, 1, 0, 0, 1, 0, 127, 0, 0, 0, 0, 127, 0, 0, 0, 0, 0, 1, 0, 0, 127, 0, 0, 127, 0, 127, 127, 0, 0, 127, 0, 0, 0, 1, 0, 0, 1, 0, 0, 0, 0, 0, 1, 0, 1, 0, 1, 0, 0, 1, 0, 0, 0, 0, 1, 0, 0, 0, 0, 0, 127, 1, 0, 0, 0, 127, 0, 127, 0, 127, 127, 0, 0, 1, 0, 1, 0, 0, 0, 0, 0, 0, 0, 0, 0, 0, 0, 0, 1, 0, 0, 0, 0, 0, 0)
(0, 0, 0, 127, 0, 0, 0, 0, 0, 0, 1, 0, 1, 0, 0, 0, 1, 0, 1, 1, 0, 0, 0, 0, 0, 127, 0, 0, 1, 127, 0, 0, 0, 127, 0, 0, 1, 0, 0, 0, 0, 0, 127, 0, 0, 0, 0, 127, 0, 0, 0, 0, 0, 1, 1, 0, 0, 0, 0, 0, 0, 0, 0, 127, 0, 0, 0, 127, 0, 0, 0, 0, 0, 0, 0, 0, 0, 0, 0, 0, 127, 0, 0, 127, 0, 0, 0, 0, 0, 0, 0, 0, 127, 0, 0, 0, 127, 0, 0, 0, 0, 127, 0, 0, 1, 1, 0, 0, 0, 0, 0, 1, 0, 0, 1, 0, 0, 0, 0, 127, 0, 0, 0, 0, 0, 0, 1, 0, 0, 0, 0, 0, 127, 0, 0, 0, 0, 127, 1, 127, 0, 0, 0, 0, 0, 0, 0, 1, 0, 0, 0, 0, 0, 0, 0, 1, 0, 0, 0, 0, 0, 0, 0, 0, 0, 0, 0)
(0, 0, 0, 0, 0, 1, 0, 0, 0, 127, 0, 0, 1, 0, 0, 0, 1, 0, 0, 1, 0, 0, 0, 0, 0, 0, 1, 0, 0, 127, 0, 0, 0, 127, 0, 0, 1, 0, 0, 1, 0, 127, 127, 0, 0, 0, 0, 0, 0, 0, 0, 0, 0, 0, 1, 0, 0, 0, 0, 0, 0, 0, 0, 0, 0, 1, 0, 127, 0, 0, 0, 127, 0, 1, 0, 0, 0, 0, 0, 0, 0, 0, 0, 127, 127, 0, 127, 0, 0, 0, 0, 0, 127, 0, 0, 0, 0, 0, 0, 127, 127, 127, 0, 1, 0, 0, 0, 0, 0, 0, 0, 0, 0, 0, 1, 0, 1, 0, 0, 127, 0, 0, 1, 0, 0, 0, 2, 0, 127, 0, 0, 0, 126, 0, 0, 0, 0, 0, 0, 127, 0, 127, 1, 1, 0, 0, 0, 1, 0, 0, 1, 1, 0, 0, 0, 127, 0, 0, 0, 0, 1, 0, 0, 127, 0, 0, 0)
(0, 0, 0, 0, 0, 1, 0, 0, 0, 0, 0, 0, 1, 0, 127, 0, 1, 0, 0, 1, 0, 0, 0, 0, 0, 0, 0, 0, 0, 126, 0, 0, 0, 127, 0, 0, 1, 0, 0, 1, 0, 0, 127, 0, 0, 0, 1, 0, 0, 0, 0, 0, 0, 0, 0, 0, 0, 1, 0, 0, 0, 1, 0, 0, 0, 1, 0, 127, 0, 0, 127, 127, 0, 1, 0, 0, 0, 0, 0, 0, 0, 0, 0, 127, 0, 0, 0, 0, 0, 0, 0, 0, 126, 127, 0, 1, 0, 127, 0, 0, 0, 127, 0, 0, 0, 0, 0, 0, 0, 0, 0, 0, 0, 0, 1, 0, 0, 0, 0, 0, 0, 1, 0, 1, 0, 127, 1, 0, 0, 0, 1, 0, 127, 0, 0, 1, 0, 0, 0, 127, 127, 127, 127, 0, 0, 0, 0, 1, 0, 0, 0, 0, 0, 0, 0, 0, 0, 0, 127, 0, 1, 0, 0, 0, 1, 0, 0)
(0, 0, 0, 0, 0, 2, 0, 0, 1, 0, 127, 0, 1, 0, 0, 0, 1, 0, 0, 1, 1, 0, 0, 0, 0, 0, 0, 0, 1, 127, 0, 0, 1, 127, 0, 0, 1, 0, 1, 0, 0, 0, 127, 127, 0, 0, 127, 0, 0, 0, 0, 0, 1, 0, 1, 127, 127, 0, 0, 0, 0, 0, 0, 0, 0, 1, 0, 127, 0, 0, 0, 127, 0, 1, 0, 0, 127, 0, 0, 0, 0, 0, 0, 127, 0, 127, 0, 0, 0, 127, 0, 0, 127, 0, 0, 0, 0, 0, 0, 0, 0, 127, 0, 127, 0, 0, 0, 0, 0, 0, 0, 0, 0, 0, 1, 0, 0, 1, 0, 0, 0, 0, 0, 0, 0, 0, 1, 1, 0, 0, 0, 0, 127, 0, 127, 0, 0, 0, 0, 127, 0, 127, 0, 0, 0, 0, 0, 2, 0, 0, 0, 127, 0, 0, 0, 0, 1, 0, 0, 0, 0, 0, 0, 0, 0, 0, 0)
(0, 0, 0, 0, 0, 1, 0, 0, 127, 0, 0, 127, 0, 127, 0, 0, 1, 0, 0, 1, 0, 0, 127, 0, 0, 1, 0, 0, 0, 127, 0, 0, 0, 127, 0, 0, 1, 0, 0, 127, 0, 0, 127, 0, 0, 0, 0, 0, 0, 0, 0, 0, 0, 127, 0, 0, 0, 0, 0, 0, 0, 0, 0, 0, 0, 1, 0, 127, 0, 0, 0, 127, 0, 1, 0, 0, 0, 0, 0, 0, 0, 0, 0, 127, 0, 1, 1, 0, 0, 1, 0, 0, 127, 0, 0, 0, 0, 1, 0, 0, 0, 127, 0, 0, 0, 0, 0, 0, 0, 0, 0, 0, 0, 0, 2, 0, 127, 0, 0, 0, 0, 0, 0, 0, 0, 1, 1, 0, 0, 1, 1, 0, 127, 0, 0, 1, 0, 0, 0, 127, 1, 127, 0, 0, 0, 0, 0, 1, 0, 0, 0, 0, 0, 0, 0, 127, 0, 0, 0, 0, 0, 0, 127, 0, 0, 0, 0)
(0, 0, 0, 0, 0, 1, 0, 0, 0, 0, 0, 127, 1, 127, 0, 0, 1, 127, 127, 1, 1, 0, 0, 0, 0, 0, 0, 0, 0, 127, 0, 0, 0, 127, 0, 0, 1, 0, 0, 0, 127, 0, 126, 0, 0, 0, 0, 127, 0, 0, 0, 0, 0, 0, 1, 0, 0, 0, 0, 0, 0, 0, 0, 1, 0, 1, 0, 127, 0, 0, 0, 127, 0, 1, 0, 0, 0, 1, 1, 0, 127, 0, 0, 127, 0, 0, 0, 0, 0, 0, 0, 0, 127, 0, 0, 0, 0, 0, 0, 0, 0, 127, 0, 0, 0, 0, 0, 127, 0, 0, 0, 0, 0, 0, 1, 0, 0, 0, 0, 0, 0, 0, 1, 0, 0, 0, 2, 0, 0, 1, 0, 0, 127, 0, 127, 0, 0, 0, 0, 127, 0, 127, 1, 0, 0, 0, 1, 1, 0, 0, 0, 0, 1, 1, 127, 0, 0, 0, 0, 0, 0, 0, 0, 0, 0, 0, 0)
(0, 0, 0, 0, 0, 1, 0, 1, 0, 0, 0, 127, 1, 127, 0, 127, 1, 0, 0, 1, 0, 0, 0, 1, 0, 0, 1, 0, 0, 127, 0, 0, 0, 127, 0, 0, 1, 1, 0, 0, 0, 0, 127, 0, 0, 0, 0, 1, 127, 0, 0, 1, 0, 0, 1, 0, 0, 0, 0, 0, 127, 0, 0, 0, 0, 1, 0, 127, 0, 0, 0, 127, 127, 1, 0, 0, 0, 0, 127, 0, 0, 0, 0, 0, 0, 0, 127, 0, 0, 0, 0, 0, 127, 0, 0, 0, 127, 0, 0, 0, 1, 127, 0, 0, 0, 0, 0, 0, 0, 0, 0, 0, 1, 0, 1, 0, 127, 0, 0, 1, 0, 0, 0, 0, 0, 127, 1, 0, 0, 0, 0, 0, 127, 0, 0, 0, 0, 0, 0, 127, 0, 127, 0, 0, 1, 0, 0, 1, 0, 0, 0, 0, 0, 0, 0, 0, 0, 0, 0, 0, 0, 0, 0, 0, 0, 0, 0)
(0, 1, 0, 1, 0, 1, 0, 0, 0, 1, 0, 0, 1, 0, 0, 0, 1, 0, 0, 2, 127, 127, 0, 0, 0, 0, 0, 0, 0, 127, 0, 127, 0, 127, 0, 0, 1, 0, 0, 0, 0, 0, 127, 0, 0, 127, 0, 0, 0, 0, 0, 0, 0, 0, 1, 0, 0, 0, 0, 0, 0, 0, 0, 0, 0, 1, 0, 127, 1, 0, 0, 127, 0, 2, 127, 0, 0, 0, 0, 0, 0, 0, 0, 127, 0, 0, 127, 1, 0, 0, 0, 0, 127, 0, 0, 0, 0, 0, 127, 0, 0, 127, 0, 0, 0, 0, 0, 0, 0, 0, 0, 0, 0, 127, 1, 0, 0, 0, 0, 0, 0, 0, 127, 0, 0, 0, 1, 0, 0, 0, 0, 0, 127, 0, 0, 1, 0, 127, 0, 127, 0, 127, 0, 0, 127, 0, 0, 2, 0, 0, 0, 0, 0, 1, 0, 0, 0, 0, 1, 0, 0, 0, 0, 0, 0, 0, 0)
(0, 0, 127, 0, 0, 1, 1, 0, 0, 127, 0, 0, 1, 0, 0, 0, 1, 0, 0, 1, 0, 0, 0, 127, 127, 0, 0, 127, 1, 127, 0, 0, 0, 127, 127, 0, 1, 1, 0, 0, 0, 127, 127, 127, 0, 0, 0, 0, 0, 0, 1, 0, 0, 0, 1, 0, 0, 0, 0, 0, 0, 1, 0, 0, 0, 2, 0, 127, 127, 0, 0, 127, 0, 1, 0, 0, 0, 0, 0, 0, 0, 0, 0, 127, 0, 0, 0, 1, 0, 0, 0, 0, 0, 0, 0, 0, 0, 0, 0, 0, 0, 127, 0, 0, 0, 0, 0, 0, 0, 0, 0, 0, 0, 0, 1, 0, 0, 0, 0, 127, 1, 127, 1, 0, 0, 0, 1, 0, 0, 0, 0, 0, 127, 0, 0, 0, 0, 0, 0, 127, 0, 127, 0, 1, 0, 0, 0, 1, 0, 0, 0, 0, 0, 0, 0, 0, 0, 0, 0, 0, 0, 0, 0, 0, 0, 0, 0)
(0, 0, 0, 127, 0, 1, 0, 127, 0, 0, 0, 0, 1, 0, 0, 1, 1, 0, 0, 1, 127, 0, 0, 0, 0, 0, 0, 0, 0, 126, 0, 0, 0, 127, 0, 0, 1, 0, 0, 0, 1, 0, 127, 0, 0, 0, 0, 0, 0, 0, 0, 0, 0, 0, 1, 0, 0, 0, 0, 0, 0, 0, 0, 0, 0, 1, 127, 127, 0, 0, 0, 127, 0, 1, 0, 1, 0, 0, 0, 0, 0, 0, 0, 127, 0, 127, 1, 1, 0, 127, 1, 1, 126, 0, 0, 0, 1, 0, 0, 0, 0, 127, 0, 0, 0, 0, 0, 0, 0, 0, 0, 0, 0, 0, 1, 0, 1, 0, 0, 0, 0, 0, 0, 127, 0, 0, 1, 0, 0, 0, 0, 0, 127, 0, 0, 127, 0, 0, 0, 127, 0, 127, 0, 0, 0, 0, 0, 1, 1, 0, 0, 0, 0, 0, 0, 0, 127, 0, 0, 0, 0, 0, 0, 0, 0, 0, 1)
(0, 127, 0, 0, 0, 1, 0, 0, 127, 0, 0, 0, 1, 0, 0, 0, 1, 0, 0, 1, 0, 0, 0, 0, 1, 0, 0, 0, 0, 0, 127, 0, 0, 127, 0, 0, 1, 0, 0, 0, 0, 0, 0, 0, 0, 0, 0, 1, 0, 0, 0, 0, 0, 0, 1, 0, 1, 0, 0, 0, 0, 0, 0, 0, 127, 1, 0, 127, 0, 0, 0, 127, 0, 1, 0, 0, 0, 0, 0, 0, 0, 0, 0, 127, 0, 0, 0, 0, 127, 127, 0, 0, 127, 0, 1, 0, 0, 0, 0, 0, 0, 127, 0, 0, 0, 0, 0, 0, 0, 1, 0, 0, 0, 1, 0, 0, 0, 1, 0, 0, 127, 0, 0, 0, 0, 127, 1, 0, 0, 0, 0, 0, 127, 0, 0, 0, 0, 0, 0, 127, 0, 127, 0, 0, 0, 0, 0, 2, 127, 0, 0, 0, 0, 0, 0, 0, 0, 0, 0, 0, 0, 127, 0, 1, 0, 0, 0)
