0 1
20451265764677780134975902339513795543733 17992206630540138586253066435241511578816
19184470201458611526484451242879869790207 19594914985400670882836614549583322154305
17940395008247484101630892078164733803844 7392576273321471884555581636547031104413
14159558752324070478559714248836034614454 8468715882587137708440742091941544776630
6396376923765059294230966833698086275128 21193109194781697936608648210691372072517
12892063728765104148034786293453659395059 15142631336769870285961663176913038382074
17202417691950786198350117922460198883895 18750682750997895700648768324307438697207
5494768407221702059207042232725240120585 10982378901112210818905170780809502279110
13799016473628505275995831565333802103055 6878127286289589044814870563800791456459
2020089582624014332074277916133014376862 15812005760932382977774691547793627408160
12323527533605774311410678301999998106188 18722047305471387876343049122858996304062
13962999039381788476411046928296789793537 13528798847502016300914149721207292018295
17926903663057878332619024800144220753545 21487779232694553667421865712723354972242
2814561421713007171510570861279897032436 14262350370081177837289804945255346484724
12416205303818783694065384292416365373364 7852125704257120770154305585260191945917
4537414972354051199350335796572075036513 6664087402657492595410709979041523351895
13838900574808659989645466318184279212582 11856915994029292033079545223285594728723
4115719437429996016181355464287198754113 654732943216753320175325279472753819766
12231727656364065962018227429288509774699 18312682741143398955749936797301888416097
14930326515061608327756331588991691333643 4094817588888683925418701253415948875621
890276560614000752268388708201322883021 17697837735242385809346804164457603249514
952054888332878960319006329848843115778 5855179259243477825529475394583517429028
9640259764228930662924702100271855672880 17851962638113990742565377423813233406665
17173098968626945845477973147766595063101 3898949862734398260714889697145152731932
10079745369323877091287066527863084279632 8048331120775525668097571680126421119728
11371362689307783847593957303914406893822 3147495815595813807127513153509302878106
11349892502585102133567687526215621316627 18105891811243789997085016307372941209674
4095151511684857827295841997125412194211 6219623058931471796732319007334830431674
4190687384586400424589965496021502398179 18255268084691710232421335126692795321320
9265417406064518249166199966343217141938 11530961094864595932652144962882467167034
14424220781841875730663552707850687480628 16504175938350125927953471927929134957080
19927480558622942876118845521143897972684 4000602813279713518837987407053086802214
20217188705038261662774983344856077386575 14137062500428615450879038811346951634289
6337759047374889174433508927685670087099 13907983959216601856298881327231110137477
4361586808787342499117244595382698705054 19391423643247425748348864594171093299175
13994619705700529965741450392699833434498 12567164965104912612087426352982216113561
18700718345708698633602438181784381757707 19123296295368987260731443406500243070294
4699056469406641331184962148387710912637 19255942693325191967429184410218810897003
712877286026430166536076736873122630951 4190491435095911273966101705498293263011
