2
132, 177, 82, 244, 144, 95, 43, 201, 85, 220, 132, 208, 187, 169, 84, 255, 198, 142, 42, 3, 125, 253, 207, 229, 116, 212, 187, 60, 51, 225, 5, 223, 168, 17, 190, 5, 4, 234, 51, 195, 149, 35, 52, 116, 21, 127, 85, 207, 210, 245, 204, 64, 115, 194, 33, 70, 54, 108, 83, 172, 171, 61, 135, 26, 142, 221, 207, 63, 124, 143, 199
6
179, 201, 212, 64, 224, 120, 122, 178, 109, 123, 220, 74, 104, 71, 98, 197, 175, 77, 154, 63, 170, 60, 177, 218, 186, 252, 154, 148, 71, 241, 131, 17, 127, 89, 104, 83, 130, 243, 125, 106, 153, 171, 189, 95, 91, 71, 207, 10, 125, 227, 250, 152, 240, 14, 204, 150, 33, 11, 85, 176, 159, 103, 46, 202, 36, 150, 238, 44, 18, 167, 42
7
234, 248, 37, 106, 77, 243, 135, 244, 208, 92, 123, 170, 24, 45, 253, 152, 120, 161, 18, 217, 155, 50, 102, 107, 2, 200, 58, 16, 249, 104, 231, 250, 55, 211, 2, 12, 223, 94, 24, 186, 135, 161, 27, 221, 13, 5, 59, 2, 61, 181, 120, 66, 166, 228, 89, 102, 238, 29, 130, 201, 165, 180, 78, 239, 251, 147, 100, 144, 28, 53, 233
11
63, 242, 183, 158, 158, 162, 87, 1, 48, 172, 179, 105, 109, 44, 46, 241, 251, 213, 183, 118, 126, 169, 48, 49, 210, 26, 101, 117, 207, 21, 66, 90, 161, 246, 251, 61, 103, 69, 84, 41, 143, 234, 27, 97, 247, 53, 139, 117, 228, 31, 76, 128, 132, 242, 3, 30, 1, 27, 156, 118, 74, 223, 109, 145, 133, 179, 141, 161, 95, 87, 40
23
145, 210, 61, 172, 246, 136, 120, 220, 137, 222, 39, 52, 52, 37, 3, 142, 180, 222, 202, 144, 57, 43, 55, 51, 32, 225, 43, 246, 235, 210, 3, 33, 86, 40, 0, 29, 59, 253, 183, 147, 241, 46, 44, 85, 170, 181, 86, 180, 185, 51, 151, 90, 2, 217, 185, 74, 226, 216, 43, 28, 228, 144, 253, 158, 224, 221, 82, 83, 140, 208, 140
25
112, 135, 78, 136, 70, 97, 133, 212, 135, 236, 22, 56, 228, 46, 5, 81, 105, 50, 21, 54, 164, 99, 100, 125, 212, 110, 242, 219, 63, 231, 138, 8, 56, 133, 41, 61, 188, 117, 176, 14, 33, 136, 240, 28, 15, 224, 106, 254, 199, 29, 234, 162, 75, 172, 235, 10, 232, 130, 107, 35, 63, 100, 152, 208, 2, 34, 112, 240, 32, 126, 232
27
75, 140, 45, 117, 7, 136, 243, 85, 11, 22, 240, 34, 19, 151, 75, 63, 60, 30, 73, 136, 61, 120, 91, 165, 199, 143, 10, 138, 230, 94, 171, 244, 191, 103, 177, 111, 104, 103, 134, 221, 37, 213, 2, 76, 238, 20, 187, 204, 231, 154, 35, 34, 35, 182, 59, 15, 161, 100, 247, 74, 167, 104, 37, 14, 241, 113, 118, 193, 138, 3, 129
29
75, 103, 23, 38, 231, 199, 26, 180, 117, 162, 245, 252, 55, 108, 121, 177, 210, 59, 74, 151, 211, 141, 253, 37, 106, 41, 180, 1, 150, 123, 157, 151, 68, 255, 102, 118, 188, 204, 70, 194, 181, 222, 93, 200, 234, 56, 1, 214, 31, 243, 47, 202, 192, 156, 245, 61, 212, 33, 50, 234, 234, 2, 106, 193, 122, 11, 8, 15, 212, 22, 88
32
99, 27, 217, 125, 27, 233, 215, 97, 115, 50, 250, 17, 42, 54, 228, 163, 146, 214, 53, 98, 178, 152, 196, 223, 97, 143, 157, 24, 217, 199, 104, 121, 143, 133, 131, 209, 78, 183, 166, 196, 227, 39, 208, 128, 68, 62, 130, 254, 211, 171, 22, 1, 247, 48, 224, 141, 122, 208, 66, 11, 201, 163, 32, 246, 58, 187, 151, 16, 71, 80, 103
33
255, 33, 238, 89, 35, 176, 73, 27, 51, 151, 53, 89, 67, 124, 170, 255, 64, 221, 4, 44, 147, 165, 8, 4, 127, 176, 16, 9, 185, 231, 250, 184, 85, 220, 171, 38, 133, 19, 218, 245, 253, 82, 72, 73, 122, 75, 69, 183, 65, 94, 183, 153, 250, 89, 91, 14, 63, 50, 42, 117, 99, 224, 120, 128, 130, 198, 172, 111, 231, 87, 222
37
208, 203, 170, 191, 111, 177, 226, 144, 131, 3, 130, 80, 71, 105, 15, 65, 91, 76, 166, 23, 43, 62, 100, 155, 238, 37, 37, 240, 52, 37, 2, 224, 121, 11, 17, 25, 67, 62, 231, 251, 19, 184, 33, 44, 73, 90, 178, 162, 104, 136, 209, 229, 51, 182, 131, 58, 215, 246, 46, 21, 218, 69, 222, 117, 187, 253, 111, 163, 21, 93, 115
38
146, 77, 1, 129, 255, 53, 26, 47, 181, 254, 131, 171, 255, 112, 233, 188, 128, 80, 66, 241, 112, 75, 85, 13, 203, 215, 214, 167, 223, 45, 51, 128, 13, 159, 146, 70, 105, 70, 69, 78, 84, 218, 191, 165, 36, 118, 58, 190, 67, 59, 131, 195, 59, 114, 75, 88, 80, 157, 210, 201, 96, 102, 47, 227, 65, 32, 221, 197, 73, 163, 242
40
37, 205, 80, 27, 192, 174, 64, 249, 136, 236, 18, 41, 208, 140, 203, 187, 85, 234, 104, 137, 147, 118, 181, 159, 221, 222, 17, 119, 4, 245, 232, 111, 64, 157, 118, 15, 133, 88, 28, 144, 254, 74, 191, 66, 58, 98, 246, 17, 201, 98, 54, 225, 17, 17, 26, 230, 50, 209, 152, 1, 85, 225, 141, 115, 91, 238, 54, 117, 158, 242, 174
43
139, 199, 250, 55, 183, 124, 218, 48, 118, 239, 66, 188, 117, 232, 221, 77, 3, 15, 22, 88, 122, 44, 85, 219, 216, 175, 107, 171, 249, 248, 65, 89, 225, 97, 36, 188, 69, 68, 9, 95, 115, 44, 123, 223, 65, 176, 210, 24, 75, 233, 125, 20, 255, 21, 93, 249, 19, 216, 10, 119, 152, 13, 179, 70, 230, 197, 191, 154, 37, 219, 234
53
0, 90, 104, 184, 37, 212, 13, 37, 35, 165, 244, 114, 69, 118, 179, 0, 164, 1, 231, 218, 198, 22, 59, 38, 131, 50, 19, 55, 24, 198, 148, 127, 118, 37, 216, 231, 154, 103, 12, 108, 135, 45, 151, 79, 237, 67, 117, 92, 215, 204, 125, 171, 13, 139, 115, 196, 88, 14, 79, 85, 242, 233, 115, 41, 114, 202, 160, 141, 238, 11, 241
54
36, 233, 48, 162, 150, 56, 29, 29, 105, 234, 249, 247, 191, 169, 219, 145, 12, 130, 165, 32, 150, 42, 137, 231, 10, 200, 241, 91, 152, 61, 202, 58, 76, 39, 110, 178, 192, 58, 142, 109, 137, 208, 52, 251, 107, 231, 65, 183, 140, 98, 129, 33, 178, 1, 201, 228, 67, 0, 176, 119, 243, 147, 13, 163, 169, 210, 251, 57, 103, 5, 5
56
84, 220, 41, 215, 167, 204, 74, 242, 247, 49, 43, 152, 37, 231, 126, 179, 8, 99, 7, 28, 220, 95, 239, 137, 146, 198, 92, 18, 223, 20, 168, 48, 146, 75, 170, 50, 200, 190, 59, 25, 65, 92, 52, 185, 169, 216, 25, 130, 54, 148, 55, 17, 191, 192, 43, 103, 50, 229, 212, 87, 36, 240, 3, 65, 83, 173, 188, 106, 76, 230, 194
57
3, 175, 8, 224, 209, 126, 216, 146, 191, 87, 128, 88, 8, 110, 184, 34, 137, 84, 235, 93, 148, 78, 179, 93, 189, 199, 10, 128, 43, 124, 110, 242, 200, 53, 72, 12, 171, 13, 77, 73, 204, 128, 73, 215, 228, 137, 196, 41, 187, 0, 76, 16, 27, 120, 209, 7, 137, 14, 187, 185, 188, 187, 183, 121, 173, 180, 51, 124, 79, 212, 129
61
38, 112, 168, 44, 62, 150, 227, 235, 255, 66, 143, 65, 237, 83, 136, 231, 251, 150, 89, 61, 20, 30, 85, 191, 214, 225, 3, 84, 254, 27, 19, 226, 106, 202, 149, 240, 55, 51, 85, 231, 238, 153, 193, 50, 4, 123, 142, 165, 200, 2, 60, 208, 214, 181, 46, 251, 32, 241, 59, 15, 148, 69, 57, 138, 167, 237, 79, 213, 147, 103, 152
64
68, 8, 114, 211, 84, 76, 226, 218, 204, 241, 190, 181, 208, 249, 76, 207, 112, 71, 81, 173, 15, 185, 195, 123, 192, 187, 219, 242, 206, 48, 69, 123, 127, 92, 70, 106, 68, 102, 69, 6, 86, 235, 103, 183, 125, 226, 128, 11, 242, 177, 67, 169, 54, 178, 197, 62, 113, 90, 138, 191, 229, 197, 78, 20, 146, 218, 229, 24, 1, 120, 225
71
231, 55, 253, 110, 233, 250, 160, 38, 195, 27, 34, 101, 92, 101, 118, 12, 210, 93, 27, 57, 221, 187, 61, 59, 73, 178, 250, 54, 76, 102, 16, 227, 52, 90, 46, 69, 216, 188, 94, 207, 82, 85, 136, 64, 162, 28, 215, 243, 87, 187, 231, 226, 134, 124, 61, 73, 142, 40, 43, 116, 236, 135, 175, 255, 50, 63, 57, 136, 13, 246, 164
82
82, 16, 45, 217, 185, 100, 233, 203, 252, 86, 81, 104, 124, 34, 205, 169, 171, 236, 119, 20, 101, 133, 251, 54, 11, 221, 99, 10, 37, 149, 155, 188, 83, 91, 92, 176, 196, 173, 243, 184, 186, 15, 166, 3, 98, 197, 171, 156, 246, 199, 230, 144, 50, 35, 59, 113, 72, 148, 26, 135, 41, 61, 66, 36, 153, 176, 195, 123, 143, 253, 111
84
239, 196, 18, 239, 89, 64, 35, 113, 96, 115, 217, 207, 159, 30, 42, 136, 87, 43, 194, 171, 137, 239, 250, 66, 179, 56, 238, 93, 175, 15, 223, 18, 175, 89, 219, 82, 201, 136, 139, 214, 8, 39, 179, 71, 226, 82, 243, 156, 156, 159, 233, 193, 76, 19, 101, 212, 78, 115, 191, 215, 40, 23, 120, 158, 248, 240, 84, 173, 216, 181, 156
86
162, 137, 83, 55, 198, 205, 60, 33, 137, 13, 30, 213, 226, 230, 30, 24, 164, 30, 208, 150, 4, 112, 145, 62, 17, 114, 98, 129, 61, 28, 213, 100, 186, 240, 207, 102, 228, 204, 121, 34, 104, 52, 186, 215, 220, 2, 226, 138, 95, 233, 150, 11, 150, 203, 60, 152, 20, 92, 241, 220, 148, 71, 178, 159, 154, 248, 105, 0, 220, 171, 91
87
194, 131, 48, 159, 237, 203, 224, 235, 9, 229, 43, 54, 94, 113, 181, 19, 212, 180, 31, 199, 8, 127, 179, 33, 125, 21, 170, 250, 125, 10, 77, 232, 189, 79, 223, 107, 199, 94, 187, 134, 60, 3, 141, 134, 83, 231, 102, 40, 119, 166, 32, 207, 181, 225, 210, 22, 26, 168, 8, 209, 203, 234, 3, 54, 93, 35, 108, 174, 145, 78, 196
89
23, 242, 94, 135, 9, 108, 142, 161, 235, 186, 104, 132, 184, 215, 153, 134, 235, 119, 101, 111, 138, 27, 218, 247, 9, 22, 16, 72, 90, 79, 92, 139, 56, 86, 203, 255, 148, 5, 5, 238, 19, 248, 169, 205, 76, 226, 0, 218, 27, 58, 185, 27, 182, 77, 216, 191, 181, 194, 213, 117, 206, 9, 95, 129, 161, 0, 75, 52, 249, 17, 72
90
103, 171, 20, 168, 71, 249, 197, 205, 164, 51, 212, 87, 50, 224, 130, 83, 41, 203, 100, 17, 162, 72, 24, 167, 16, 125, 95, 98, 187, 254, 129, 190, 192, 204, 68, 64, 236, 40, 75, 3, 97, 102, 160, 245, 51, 46, 68, 151, 16, 168, 80, 161, 105, 28, 131, 107, 236, 156, 27, 68, 250, 10, 135, 132, 75, 185, 190, 117, 94, 210, 132
92
28, 118, 97, 214, 95, 63, 217, 160, 64, 193, 70, 196, 139, 211, 180, 125, 44, 205, 95, 122, 129, 214, 212, 185, 74, 57, 138, 89, 154, 65, 28, 48, 74, 135, 13, 236, 33, 101, 86, 111, 13, 18, 9, 120, 87, 150, 221, 123, 214, 20, 188, 221, 83, 95, 68, 77, 152, 177, 228, 167, 2, 89, 61, 80, 210, 14, 59, 118, 71, 175, 132
93
188, 186, 70, 140, 19, 34, 202, 126, 61, 99, 218, 238, 143, 97, 123, 97, 217, 203, 15, 95, 2, 44, 189, 155, 182, 33, 122, 34, 80, 23, 155, 76, 250, 169, 154, 99, 95, 95, 93, 199, 155, 187, 51, 179, 29, 95, 57, 2, 145, 100, 37, 208, 178, 99, 66, 193, 215, 178, 0, 65, 14, 57, 207, 189, 34, 89, 183, 156, 169, 36, 122
95
243, 43, 79, 155, 255, 118, 185, 232, 241, 90, 32, 107, 3, 145, 114, 25, 62, 26, 32, 118, 176, 11, 173, 14, 31, 51, 4, 61, 146, 236, 140, 203, 98, 200, 2, 34, 41, 251, 108, 125, 187, 173, 24, 26, 121, 192, 152, 190, 23, 61, 14, 108, 248, 42, 25, 66, 68, 168, 126, 111, 212, 134, 82, 27, 160, 215, 173, 248, 102, 214, 122
96
40, 151, 97, 70, 156, 162, 145, 204, 2, 185, 5, 4, 59, 202, 117, 74, 154, 185, 128, 215, 9, 240, 195, 70, 180, 61, 132, 42, 200, 221, 139, 216, 168, 8, 233, 96, 205, 34, 34, 162, 107, 206, 185, 44, 92, 55, 201, 250, 227, 7, 88, 246, 12, 171, 210, 29, 202, 184, 238, 15, 37, 120, 15, 104, 220, 239, 203, 103, 46, 204, 116
97
223, 229, 247, 30, 68, 139, 60, 128, 218, 250, 149, 249, 173, 13, 251, 128, 143, 51, 3, 38, 213, 50, 219, 117, 36, 159, 154, 21, 206, 11, 39, 89, 249, 214, 126, 23, 226, 77, 31, 85, 239, 231, 143, 34, 53, 58, 95, 165, 184, 79, 43, 93, 116, 191, 135, 61, 90, 151, 239, 163, 226, 2, 212, 73, 168, 244, 26, 146, 70, 75, 5
98
254, 255, 57, 129, 64, 19, 25, 202, 16, 209, 174, 147, 49, 61, 83, 159, 214, 162, 65, 203, 204, 201, 54, 240, 150, 131, 169, 219, 112, 205, 28, 2, 110, 5, 82, 61, 214, 189, 85, 131, 223, 5, 195, 17, 146, 175, 52, 158, 212, 88, 190, 11, 11, 185, 141, 249, 194, 100, 168, 47, 83, 92, 105, 72, 35, 102, 170, 81, 250, 10, 108
99
120, 176, 112, 56, 83, 192, 79, 198, 171, 250, 236, 251, 139, 136, 49, 140, 142, 117, 22, 40, 223, 33, 82, 202, 41, 202, 251, 221, 167, 186, 238, 50, 37, 177, 75, 117, 91, 123, 36, 47, 188, 220, 14, 211, 85, 110, 92, 66, 76, 181, 2, 14, 52, 106, 37, 124, 214, 86, 114, 69, 11, 113, 95, 95, 254, 55, 99, 136, 138, 49, 196
101
221, 62, 59, 174, 97, 116, 204, 203, 118, 59, 212, 122, 82, 203, 107, 235, 112, 121, 123, 39, 230, 78, 58, 231, 207, 127, 8, 140, 48, 160, 11, 249, 162, 88, 148, 62, 166, 106, 51, 189, 213, 166, 157, 131, 90, 143, 50, 114, 235, 241, 127, 66, 2, 135, 63, 129, 95, 247, 70, 213, 72, 247, 250, 15, 86, 135, 166, 51, 232, 214, 181
102
159, 52, 18, 57, 34, 157, 0, 57, 218, 188, 191, 167, 184, 143, 30, 233, 110, 86, 186, 207, 33, 66, 251, 246, 243, 149, 219, 106, 4, 90, 173, 167, 151, 78, 139, 106, 153, 236, 78, 128, 21, 80, 250, 94, 86, 35, 75, 238, 190, 178, 94, 188, 204, 110, 38, 141, 54, 111, 62, 31, 22, 145, 14, 14, 244, 7, 245, 234, 78, 67, 108
104
5, 17, 46, 215, 222, 88, 69, 123, 63, 177, 90, 150, 0, 15, 91, 49, 166, 72, 56, 130, 154, 246, 72, 136, 241, 155, 153, 34, 64, 156, 88, 63, 24, 113, 126, 67, 149, 103, 162, 173, 115, 63, 123, 19, 38, 91, 225, 78, 188, 2, 187, 102, 76, 138, 105, 86, 244, 244, 50, 173, 132, 78, 32, 11, 72, 218, 253, 139, 155, 48, 240
106
194, 219, 225, 15, 154, 97, 164, 123, 120, 36, 187, 176, 230, 204, 143, 72, 111, 193, 77, 80, 232, 139, 68, 128, 179, 16, 185, 205, 3, 144, 35, 216, 22, 142, 119, 233, 35, 248, 132, 104, 128, 246, 4, 137, 116, 202, 16, 188, 84, 64, 167, 7, 154, 247, 10, 231, 243, 241, 180, 166, 103, 38, 188, 18, 207, 86, 182, 52, 194, 19, 10
108
12, 70, 67, 175, 87, 246, 186, 190, 9, 39, 10, 189, 46, 202, 80, 52, 133, 67, 250, 112, 142, 162, 241, 147, 237, 125, 49, 228, 86, 141, 23, 137, 194, 112, 62, 85, 63, 69, 120, 196, 41, 181, 196, 152, 217, 225, 16, 231, 215, 110, 124, 179, 124, 99, 249, 51, 209, 67, 237, 49, 31, 172, 176, 50, 94, 234, 210, 8, 205, 15, 121
109
45, 163, 36, 135, 73, 240, 137, 54, 196, 154, 155, 103, 173, 203, 188, 44, 49, 143, 152, 164, 175, 180, 93, 143, 135, 109, 64, 1, 193, 51, 177, 162, 171, 140, 151, 20, 94, 62, 3, 50, 71, 146, 99, 87, 174, 33, 192, 165, 229, 2, 225, 237, 54, 160, 238, 47, 255, 44, 249, 121, 36, 93, 184, 214, 243, 228, 34, 166, 150, 233, 237
112
101, 200, 51, 114, 163, 24, 24, 165, 135, 60, 129, 93, 7, 135, 58, 74, 213, 236, 66, 108, 243, 155, 132, 107, 208, 68, 173, 63, 226, 208, 52, 74, 252, 78, 162, 198, 175, 214, 205, 230, 51, 149, 246, 18, 50, 109, 240, 236, 215, 177, 78, 98, 68, 113, 181, 38, 117, 124, 78, 134, 109, 92, 136, 178, 19, 251, 64, 193, 114, 229, 28
113
189, 248, 105, 190, 125, 38, 128, 186, 181, 4, 244, 189, 102, 20, 155, 80, 157, 172, 67, 236, 40, 224, 124, 219, 184, 62, 125, 59, 213, 228, 16, 250, 125, 239, 241, 110, 2, 84, 197, 129, 238, 175, 44, 77, 115, 129, 98, 192, 10, 216, 168, 175, 154, 232, 89, 204, 144, 73, 112, 104, 203, 111, 180, 12, 135, 43, 134, 110, 70, 218, 155
116
234, 99, 122, 72, 247, 168, 30, 39, 88, 70, 142, 147, 203, 66, 179, 3, 241, 67, 253, 68, 22, 76, 31, 224, 163, 18, 162, 63, 68, 105, 144, 90, 56, 63, 107, 225, 143, 195, 244, 206, 135, 170, 199, 153, 119, 225, 183, 187, 19, 225, 230, 139, 3, 189, 171, 33, 155, 231, 68, 237, 251, 40, 170, 131, 0, 18, 186, 15, 158, 56, 254
123
237, 153, 6, 152, 43, 209, 96, 158, 17, 19, 128, 99, 220, 189, 190, 61, 232, 166, 218, 242, 100, 167, 169, 62, 34, 242, 7, 78, 118, 14, 245, 98, 27, 101, 151, 147, 226, 253, 84, 176, 211, 95, 234, 59, 249, 70, 200, 253, 107, 215, 248, 225, 104, 178, 166, 170, 92, 34, 120, 228, 188, 62, 112, 22, 114, 21, 145, 23, 202, 1, 220
124
148, 214, 113, 14, 246, 205, 52, 153, 10, 3, 128, 45, 223, 81, 149, 41, 59, 183, 0, 116, 49, 133, 91, 203, 86, 100, 102, 157, 99, 248, 134, 209, 11, 224, 251, 81, 223, 24, 5, 79, 90, 231, 147, 176, 22, 70, 234, 204, 234, 89, 137, 106, 8, 5, 254, 176, 34, 246, 212, 188, 3, 226, 94, 142, 5, 245, 204, 192, 182, 127, 92
126
105, 126, 58, 202, 2, 133, 82, 28, 2, 51, 127, 132, 46, 178, 73, 169, 71, 213, 24, 31, 22, 181, 221, 169, 189, 195, 128, 86, 110, 171, 38, 90, 236, 198, 168, 15, 217, 91, 32, 30, 227, 113, 10, 136, 137, 36, 36, 147, 60, 207, 152, 8, 41, 225, 197, 119, 186, 189, 252, 106, 252, 150, 97, 187, 163, 110, 107, 40, 25, 83, 235
127
62, 89, 64, 119, 221, 161, 169, 195, 220, 76, 88, 178, 64, 71, 222, 23, 24, 154, 54, 80, 177, 204, 130, 31, 155, 97, 123, 117, 98, 19, 114, 255, 132, 38, 209, 230, 10, 181, 132, 224, 231, 15, 67, 232, 179, 18, 147, 223, 124, 45, 181, 21, 17, 130, 89, 129, 231, 179, 55, 12, 148, 24, 160, 53, 245, 129, 29, 1, 138, 54, 49
128
215, 172, 233, 193, 27, 34, 167, 115, 92, 103, 27, 55, 194, 52, 136, 70, 83, 63, 128, 26, 190, 95, 64, 221, 226, 15, 162, 248, 104, 84, 103, 67, 236, 24, 134, 56, 142, 243, 226, 214, 118, 189, 115, 140, 24, 143, 186, 33, 225, 31, 235, 13, 175, 129, 156, 250, 182, 132, 15, 35, 129, 196, 40, 32, 209, 101, 129, 115, 5, 80, 2
130
194, 216, 122, 194, 251, 192, 79, 123, 142, 61, 200, 248, 246, 120, 148, 168, 252, 17, 153, 166, 203, 3, 204, 27, 83, 31, 239, 115, 0, 230, 253, 93, 213, 236, 213, 96, 149, 132, 238, 126, 210, 194, 202, 164, 130, 13, 133, 57, 1, 186, 185, 241, 41, 249, 57, 86, 62, 17, 93, 236, 185, 155, 165, 244, 93, 149, 248, 179, 151, 9, 124
133
64, 214, 98, 213, 135, 95, 226, 22, 246, 202, 201, 50, 176, 106, 16, 236, 253, 190, 15, 50, 197, 230, 221, 213, 101, 177, 11, 124, 71, 212, 68, 230, 201, 251, 38, 231, 175, 193, 47, 34, 245, 175, 74, 63, 52, 93, 170, 72, 173, 85, 112, 86, 240, 75, 174, 44, 20, 82, 187, 22, 210, 64, 26, 75, 5, 205, 97, 191, 252, 233, 172
135
77, 46, 178, 30, 196, 65, 156, 102, 40, 26, 97, 218, 106, 205, 13, 7, 53, 229, 125, 3, 92, 27, 203, 231, 195, 89, 205, 10, 63, 144, 58, 185, 223, 68, 238, 161, 158, 203, 220, 207, 177, 226, 149, 208, 177, 220, 99, 235, 199, 80, 90, 76, 226, 136, 17, 167, 215, 78, 1, 181, 252, 225, 193, 5, 190, 137, 249, 132, 172, 114, 62
137
203, 61, 51, 17, 196, 179, 142, 86, 87, 182, 215, 24, 241, 215, 92, 100, 7, 244, 52, 173, 57, 81, 168, 132, 123, 96, 11, 247, 98, 247, 132, 168, 169, 173, 193, 41, 116, 132, 3, 78, 63, 234, 65, 29, 24, 152, 223, 103, 222, 151, 89, 129, 133, 220, 123, 212, 228, 26, 229, 101, 179, 8, 96, 78, 67, 113, 87, 230, 253, 42, 13
140
250, 62, 137, 49, 42, 40, 144, 115, 11, 220, 67, 194, 28, 51, 19, 247, 197, 203, 79, 11, 177, 154, 136, 45, 101, 147, 84, 84, 148, 96, 91, 235, 78, 167, 122, 229, 172, 6, 172, 85, 79, 81, 173, 188, 103, 8, 117, 161, 7, 155, 243, 168, 18, 26, 141, 172, 247, 103, 238, 31, 188, 39, 202, 237, 190, 225, 85, 194, 114, 208, 246
142
122, 248, 101, 157, 21, 5, 13, 236, 19, 232, 145, 113, 190, 97, 68, 100, 93, 176, 98, 144, 168, 233, 212, 203, 210, 159, 146, 246, 92, 11, 183, 164, 140, 79, 116, 199, 41, 242, 227, 97, 61, 179, 11, 57, 97, 240, 154, 75, 113, 49, 131, 197, 218, 188, 181, 179, 249, 247, 161, 3, 71, 180, 231, 0, 79, 20, 46, 46, 208, 250, 125
150
49, 47, 65, 98, 108, 123, 248, 227, 29, 111, 40, 157, 67, 163, 49, 65, 9, 68, 11, 25, 22, 122, 32, 214, 46, 91, 181, 129, 132, 175, 123, 193, 228, 236, 24, 205, 240, 117, 6, 2, 72, 3, 167, 82, 35, 10, 196, 132, 46, 162, 31, 3, 255, 253, 227, 26, 244, 93, 149, 208, 36, 40, 93, 223, 50, 230, 133, 84, 231, 120, 156
151
42, 37, 179, 238, 111, 142, 234, 111, 160, 179, 91, 54, 192, 196, 117, 200, 185, 121, 114, 38, 67, 207, 70, 49, 82, 150, 238, 240, 144, 221, 232, 160, 127, 135, 28, 168, 121, 138, 190, 140, 247, 197, 10, 210, 111, 88, 5, 230, 114, 110, 247, 248, 159, 163, 201, 194, 113, 63, 131, 226, 175, 11, 147, 98, 106, 218, 28, 96, 41, 177, 114
152
219, 155, 82, 78, 85, 55, 28, 176, 22, 138, 1, 219, 195, 166, 18, 188, 53, 250, 66, 65, 10, 152, 135, 147, 79, 23, 234, 64, 179, 32, 143, 106, 175, 129, 6, 184, 117, 49, 48, 70, 201, 196, 50, 88, 205, 255, 161, 13, 73, 198, 130, 240, 63, 41, 125, 197, 117, 50, 53, 254, 92, 93, 248, 121, 16, 59, 184, 69, 58, 38, 227
153
202, 50, 90, 76, 119, 140, 26, 52, 77, 238, 105, 98, 109, 3, 83, 121, 202, 19, 157, 230, 205, 33, 252, 147, 185, 208, 88, 69, 96, 206, 242, 247, 79, 33, 155, 30, 211, 135, 209, 170, 226, 94, 0, 27, 51, 242, 196, 208, 111, 53, 40, 68, 5, 128, 163, 139, 255, 105, 181, 75, 131, 144, 139, 56, 181, 8, 218, 80, 135, 243, 136
155
47, 246, 201, 28, 153, 7, 74, 65, 235, 234, 179, 80, 210, 200, 44, 152, 205, 16, 191, 90, 34, 86, 57, 8, 136, 158, 72, 72, 224, 186, 88, 174, 203, 186, 250, 230, 167, 76, 193, 110, 139, 252, 252, 158, 80, 227, 186, 146, 188, 70, 132, 113, 53, 204, 189, 126, 210, 71, 178, 155, 99, 147, 242, 125, 216, 239, 92, 24, 131, 160, 254
157
56, 174, 121, 170, 9, 232, 42, 137, 125, 141, 184, 171, 116, 114, 120, 254, 44, 232, 43, 35, 183, 229, 70, 150, 215, 149, 131, 220, 49, 113, 140, 70, 37, 208, 149, 21, 120, 171, 135, 121, 62, 26, 235, 213, 10, 19, 172, 97, 244, 243, 102, 110, 70, 119, 251, 142, 154, 66, 145, 16, 184, 232, 80, 37, 95, 218, 3, 224, 51, 247, 171
159
9, 198, 17, 109, 36, 137, 25, 14, 35, 141, 238, 129, 146, 239, 251, 16, 31, 89, 159, 239, 61, 88, 207, 55, 100, 69, 132, 211, 197, 163, 48, 45, 189, 25, 174, 228, 93, 1, 18, 64, 47, 96, 181, 20, 218, 71, 84, 93, 36, 231, 17, 224, 241, 68, 207, 132, 109, 83, 91, 212, 110, 156, 124, 129, 104, 104, 211, 207, 11, 143, 187
160
165, 30, 230, 29, 187, 97, 132, 182, 95, 165, 187, 102, 68, 77, 61, 110, 250, 253, 188, 137, 0, 28, 224, 139, 200, 16, 165, 62, 248, 78, 235, 185, 17, 116, 234, 38, 232, 152, 108, 78, 153, 130, 35, 49, 66, 188, 176, 58, 245, 117, 31, 89, 7, 135, 115, 225, 12, 188, 172, 137, 143, 52, 215, 119, 23, 221, 170, 135, 148, 43, 166
166
254, 236, 145, 167, 38, 158, 227, 2, 2, 234, 215, 127, 161, 207, 53, 85, 73, 197, 167, 29, 5, 220, 199, 40, 249, 121, 18, 44, 19, 94, 34, 32, 77, 119, 158, 99, 151, 131, 50, 0, 148, 78, 15, 56, 39, 153, 28, 185, 115, 99, 32, 237, 233, 214, 139, 63, 18, 172, 143, 143, 255, 170, 51, 72, 213, 39, 211, 37, 31, 149, 206
168
85, 195, 126, 71, 223, 82, 54, 206, 50, 219, 21, 10, 252, 181, 11, 71, 116, 40, 21, 97, 164, 251, 215, 153, 109, 156, 32, 86, 234, 249, 58, 192, 15, 89, 19, 124, 213, 227, 221, 212, 230, 20, 124, 32, 125, 135, 186, 53, 88, 48, 168, 69, 180, 51, 56, 115, 80, 12, 9, 57, 232, 248, 14, 2, 156, 175, 184, 200, 2, 193, 240
172
36, 9, 30, 172, 63, 59, 134, 86, 61, 64, 70, 249, 240, 24, 223, 177, 46, 195, 49, 168, 206, 3, 196, 25, 151, 207, 24, 154, 86, 213, 56, 246, 187, 224, 41, 200, 72, 230, 131, 52, 78, 52, 135, 53, 68, 239, 205, 136, 248, 103, 42, 91, 218, 42, 203, 37, 85, 159, 230, 41, 54, 251, 110, 192, 232, 145, 237, 203, 95, 50, 245
174
110, 66, 75, 87, 202, 217, 205, 178, 96, 12, 236, 207, 157, 25, 68, 244, 250, 247, 8, 91, 83, 233, 147, 114, 0, 254, 252, 82, 160, 173, 27, 186, 51, 111, 69, 71, 132, 17, 95, 24, 197, 155, 65, 110, 98, 93, 51, 215, 116, 129, 203, 125, 74, 2, 96, 7, 150, 219, 208, 177, 198, 71, 151, 184, 175, 214, 127, 163, 16, 71, 158
175
103, 39, 118, 29, 229, 0, 172, 250, 36, 186, 11, 160, 156, 207, 246, 142, 231, 135, 74, 248, 41, 171, 113, 32, 36, 229, 223, 246, 128, 239, 237, 89, 142, 143, 108, 65, 18, 138, 247, 206, 94, 168, 71, 34, 156, 175, 196, 215, 200, 157, 215, 242, 41, 229, 221, 176, 232, 43, 119, 206, 75, 120, 252, 101, 169, 91, 221, 92, 122, 88, 64
177
161, 175, 4, 190, 243, 227, 172, 165, 0, 213, 106, 181, 155, 195, 172, 248, 182, 181, 167, 231, 71, 88, 178, 223, 245, 162, 242, 26, 248, 69, 227, 251, 139, 186, 192, 118, 43, 2, 125, 50, 81, 131, 237, 147, 170, 68, 91, 237, 180, 171, 68, 232, 68, 207, 172, 191, 114, 239, 220, 81, 5, 154, 43, 67, 129, 62, 251, 149, 241, 38, 67
178
5, 148, 157, 151, 116, 9, 34, 151, 240, 185, 190, 162, 224, 196, 97, 149, 210, 152, 67, 42, 174, 103, 207, 51, 142, 249, 220, 223, 158, 179, 105, 79, 49, 92, 187, 254, 242, 225, 147, 114, 189, 126, 14, 143, 118, 203, 184, 108, 252, 53, 126, 205, 244, 88, 109, 82, 74, 86, 40, 5, 123, 20, 13, 25, 64, 36, 171, 181, 249, 201, 40
179
126, 132, 226, 75, 89, 255, 182, 80, 44, 159, 14, 114, 22, 9, 71, 119, 35, 38, 11, 199, 146, 153, 251, 24, 168, 87, 175, 212, 89, 245, 89, 226, 73, 236, 199, 61, 195, 190, 215, 151, 207, 128, 32, 224, 14, 17, 65, 163, 211, 35, 102, 46, 77, 165, 156, 226, 244, 57, 154, 135, 41, 204, 143, 221, 174, 1, 119, 187, 125, 128, 55
180
71, 11, 75, 250, 215, 161, 205, 41, 157, 114, 12, 73, 68, 123, 30, 166, 41, 58, 205, 102, 139, 148, 79, 244, 127, 31, 219, 189, 247, 10, 182, 160, 187, 102, 83, 170, 61, 178, 13, 148, 204, 26, 138, 75, 135, 211, 135, 228, 168, 170, 69, 49, 93, 84, 173, 66, 1, 179, 163, 14, 112, 72, 8, 81, 209, 30, 166, 218, 233, 24, 119
181
213, 126, 233, 86, 53, 79, 79, 92, 152, 167, 38, 255, 145, 233, 223, 161, 65, 148, 69, 151, 39, 69, 162, 69, 130, 168, 239, 171, 76, 121, 62, 128, 47, 129, 60, 253, 125, 199, 121, 122, 238, 12, 0, 164, 175, 205, 156, 224, 55, 67, 242, 118, 29, 243, 194, 101, 73, 253, 50, 7, 8, 36, 190, 77, 255, 201, 199, 68, 232, 233, 103
183
91, 19, 209, 224, 62, 3, 28, 120, 197, 217, 235, 157, 134, 66, 90, 210, 147, 143, 114, 78, 24, 71, 88, 217, 130, 105, 8, 89, 172, 44, 61, 230, 17, 154, 165, 19, 94, 127, 113, 86, 192, 177, 163, 173, 96, 45, 196, 68, 155, 251, 17, 51, 121, 174, 9, 255, 142, 20, 155, 54, 1, 109, 33, 252, 81, 48, 107, 166, 224, 205, 88
185
195, 96, 221, 84, 69, 212, 15, 57, 59, 138, 165, 11, 118, 80, 138, 73, 108, 62, 3, 186, 131, 248, 240, 136, 93, 34, 109, 142, 231, 107, 18, 213, 41, 196, 250, 195, 117, 136, 185, 70, 54, 44, 60, 192, 219, 106, 111, 248, 119, 151, 113, 175, 53, 148, 242, 47, 30, 102, 85, 32, 239, 28, 185, 192, 69, 154, 227, 242, 73, 3, 234
186
236, 151, 90, 230, 193, 44, 81, 156, 118, 34, 53, 44, 153, 254, 95, 212, 80, 56, 121, 166, 248, 126, 81, 201, 212, 43, 121, 105, 17, 239, 35, 107, 255, 48, 87, 199, 221, 119, 84, 173, 171, 40, 83, 161, 135, 243, 86, 160, 188, 106, 157, 214, 21, 86, 144, 40, 54, 31, 76, 16, 27, 101, 202, 5, 29, 55, 61, 91, 180, 105, 181
187
94, 145, 200, 80, 42, 169, 31, 73, 165, 49, 114, 66, 159, 30, 172, 49, 89, 87, 209, 100, 123, 197, 172, 166, 184, 66, 87, 72, 191, 90, 226, 65, 155, 13, 176, 128, 213, 62, 76, 189, 115, 162, 240, 120, 207, 108, 1, 123, 223, 227, 127, 48, 148, 24, 27, 248, 220, 47, 45, 138, 131, 44, 175, 249, 52, 200, 38, 57, 78, 204, 156
188
182, 26, 171, 93, 237, 109, 64, 4, 184, 34, 52, 219, 178, 146, 20, 105, 117, 42, 97, 22, 129, 72, 2, 126, 57, 196, 177, 163, 23, 2, 41, 14, 53, 90, 236, 227, 76, 153, 227, 246, 111, 155, 54, 13, 105, 96, 177, 189, 194, 121, 249, 137, 127, 208, 28, 188, 212, 25, 68, 143, 74, 32, 201, 194, 169, 254, 170, 112, 36, 99, 20
194
225, 227, 110, 22, 142, 217, 34, 26, 77, 10, 33, 29, 97, 43, 121, 188, 207, 87, 54, 188, 163, 190, 178, 194, 15, 162, 193, 139, 48, 156, 230, 193, 2, 60, 70, 251, 112, 118, 150, 49, 253, 76, 130, 58, 100, 178, 14, 9, 165, 61, 34, 143, 65, 98, 41, 25, 38, 246, 138, 22, 154, 104, 162, 67, 127, 245, 3, 76, 152, 248, 185
198
168, 70, 207, 31, 193, 155, 33, 125, 182, 108, 208, 234, 137, 207, 172, 210, 171, 33, 81, 32, 54, 153, 11, 233, 69, 15, 1, 93, 151, 37, 187, 141, 62, 160, 117, 121, 126, 109, 231, 182, 165, 110, 70, 60, 252, 126, 237, 159, 243, 121, 79, 111, 253, 255, 23, 151, 2, 76, 114, 216, 208, 214, 224, 201, 10, 223, 98, 191, 25, 162, 242
200
252, 14, 154, 128, 191, 175, 137, 210, 247, 225, 233, 70, 79, 82, 114, 246, 197, 117, 47, 18, 170, 208, 88, 135, 46, 233, 22, 214, 236, 184, 251, 130, 119, 45, 54, 81, 146, 61, 245, 37, 165, 39, 23, 65, 4, 20, 85, 181, 224, 118, 196, 127, 243, 117, 71, 203, 45, 78, 3, 185, 229, 95, 160, 249, 187, 180, 8, 13, 36, 125, 120
202
158, 177, 162, 42, 237, 173, 99, 51, 191, 193, 69, 231, 108, 3, 87, 237, 47, 132, 223, 19, 34, 204, 164, 25, 235, 226, 121, 60, 199, 255, 215, 182, 19, 173, 246, 244, 107, 12, 84, 141, 144, 26, 40, 91, 180, 165, 42, 113, 176, 13, 203, 146, 200, 173, 160, 111, 241, 83, 90, 43, 127, 26, 166, 114, 88, 20, 191, 82, 245, 63, 7
207
234, 44, 5, 102, 168, 120, 179, 172, 101, 158, 130, 55, 178, 187, 156, 184, 50, 58, 55, 44, 51, 102, 81, 69, 171, 170, 138, 33, 240, 244, 250, 184, 20, 65, 231, 179, 103, 113, 18, 1, 56, 163, 86, 95, 191, 11, 24, 4, 50, 149, 97, 188, 179, 95, 127, 181, 192, 232, 39, 167, 64, 143, 210, 141, 96, 5, 172, 204, 40, 54, 16
210
92, 160, 149, 34, 66, 56, 201, 88, 114, 242, 196, 69, 176, 21, 171, 3, 146, 54, 11, 195, 48, 219, 103, 177, 65, 197, 160, 147, 194, 75, 249, 200, 65, 131, 43, 186, 236, 53, 171, 237, 91, 121, 173, 6, 171, 20, 127, 182, 19, 103, 131, 105, 202, 2, 177, 109, 33, 66, 55, 226, 91, 114, 220, 80, 67, 165, 62, 228, 253, 251, 123
212
52, 89, 140, 139, 254, 254, 98, 173, 71, 148, 191, 80, 92, 184, 232, 254, 127, 148, 229, 200, 35, 113, 187, 230, 142, 223, 188, 89, 117, 56, 10, 171, 216, 20, 229, 110, 128, 156, 119, 46, 161, 237, 145, 179, 35, 224, 193, 15, 63, 240, 94, 165, 188, 197, 158, 31, 198, 111, 55, 14, 158, 249, 45, 230, 205, 79, 87, 25, 176, 189, 76
215
65, 237, 52, 15, 80, 127, 122, 121, 87, 69, 69, 230, 126, 176, 90, 251, 105, 21, 137, 145, 223, 158, 206, 158, 39, 119, 208, 63, 176, 180, 37, 180, 141, 156, 201, 70, 60, 19, 236, 58, 80, 91, 159, 117, 107, 189, 168, 76, 127, 33, 56, 27, 36, 194, 147, 160, 12, 7, 231, 70, 167, 155, 137, 86, 249, 150, 7, 110, 254, 39, 243
221
168, 108, 225, 181, 179, 170, 118, 238, 81, 72, 250, 81, 16, 151, 29, 31, 45, 156, 229, 120, 7, 105, 207, 114, 136, 196, 2, 214, 245, 147, 194, 197, 2, 159, 211, 46, 254, 2, 149, 35, 246, 240, 84, 138, 4, 161, 28, 212, 147, 228, 0, 232, 22, 70, 59, 152, 140, 45, 18, 98, 78, 114, 189, 68, 42, 140, 131, 205, 184, 135, 133
223
154, 201, 159, 138, 89, 205, 122, 248, 12, 180, 178, 24, 238, 146, 8, 193, 103, 17, 23, 32, 95, 171, 207, 102, 215, 80, 134, 16, 183, 188, 207, 93, 60, 181, 247, 142, 220, 94, 184, 75, 28, 5, 248, 120, 107, 220, 183, 42, 49, 7, 230, 252, 72, 36, 246, 213, 89, 250, 136, 58, 32, 161, 99, 228, 59, 51, 233, 176, 137, 41, 223
225
49, 125, 86, 10, 96, 206, 188, 247, 238, 24, 55, 110, 175, 33, 194, 208, 112, 61, 55, 96, 236, 71, 9, 93, 188, 133, 25, 48, 180, 151, 66, 2, 233, 209, 175, 106, 77, 154, 230, 59, 72, 11, 206, 86, 93, 216, 182, 112, 2, 242, 181, 115, 242, 144, 192, 32, 210, 113, 106, 30, 66, 146, 170, 14, 219, 241, 18, 68, 210, 235, 238
227
212, 232, 238, 89, 205, 213, 185, 185, 135, 99, 92, 104, 66, 227, 55, 240, 14, 195, 58, 41, 81, 110, 245, 212, 137, 93, 118, 127, 209, 208, 104, 170, 128, 91, 13, 58, 14, 27, 163, 123, 144, 243, 64, 65, 181, 91, 242, 96, 170, 242, 126, 132, 147, 105, 48, 212, 113, 126, 233, 122, 166, 251, 78, 199, 43, 178, 131, 17, 2, 192, 98
229
145, 15, 189, 203, 170, 116, 18, 158, 58, 111, 130, 126, 66, 142, 205, 227, 1, 52, 241, 200, 188, 34, 254, 140, 21, 76, 137, 66, 149, 62, 109, 197, 193, 57, 25, 87, 169, 97, 106, 213, 17, 113, 185, 21, 70, 165, 159, 135, 24, 133, 112, 155, 15, 218, 47, 255, 119, 228, 37, 209, 138, 240, 17, 122, 171, 82, 21, 4, 68, 243, 218
230
52, 182, 122, 107, 222, 2, 205, 227, 184, 192, 167, 126, 233, 37, 203, 36, 49, 126, 216, 211, 211, 225, 45, 53, 191, 76, 219, 73, 82, 73, 170, 210, 119, 252, 130, 248, 162, 141, 78, 204, 138, 205, 230, 191, 153, 247, 15, 66, 43, 97, 170, 117, 93, 239, 157, 132, 57, 4, 148, 75, 167, 226, 128, 58, 89, 9, 207, 169, 119, 247, 59
232
75, 155, 228, 215, 91, 209, 157, 127, 5, 193, 41, 47, 76, 184, 30, 96, 81, 168, 118, 122, 179, 13, 242, 4, 1, 216, 39, 31, 243, 241, 154, 76, 197, 228, 137, 180, 5, 22, 252, 215, 193, 93, 19, 123, 57, 57, 34, 149, 229, 178, 43, 218, 237, 89, 8, 145, 191, 244, 120, 242, 135, 187, 138, 249, 8, 41, 108, 47, 225, 44, 35
234
63, 73, 251, 138, 37, 178, 126, 170, 112, 218, 59, 30, 163, 179, 58, 203, 123, 170, 129, 26, 92, 245, 96, 146, 101, 44, 199, 193, 59, 181, 1, 43, 145, 224, 51, 252, 76, 21, 101, 157, 21, 16, 194, 6, 181, 78, 222, 14, 167, 102, 47, 238, 21, 103, 38, 95, 228, 237, 174, 8, 180, 81, 201, 182, 169, 233, 185, 37, 212, 68, 235
236
167, 242, 42, 219, 182, 58, 13, 194, 48, 248, 65, 95, 6, 208, 43, 232, 180, 90, 179, 93, 83, 12, 95, 164, 251, 172, 174, 68, 72, 46, 25, 218, 248, 150, 50, 152, 26, 7, 201, 2, 28, 5, 24, 254, 176, 186, 209, 125, 27, 212, 64, 15, 141, 203, 233, 247, 70, 239, 96, 91, 3, 72, 18, 241, 174, 190, 173, 201, 136, 100, 122
239
58, 16, 177, 60, 69, 225, 235, 192, 181, 182, 75, 91, 242, 164, 226, 59, 236, 254, 134, 97, 113, 100, 247, 251, 227, 182, 163, 156, 101, 183, 143, 2, 30, 43, 218, 86, 220, 58, 221, 248, 99, 34, 239, 82, 219, 214, 40, 48, 71, 109, 96, 97, 50, 55, 49, 247, 227, 73, 237, 137, 95, 12, 199, 158, 159, 121, 218, 76, 3, 192, 234
242
167, 88, 29, 60, 132, 78, 53, 255, 235, 108, 196, 219, 48, 211, 95, 9, 198, 64, 25, 67, 50, 205, 193, 210, 242, 168, 3, 220, 66, 36, 67, 76, 102, 217, 205, 64, 173, 207, 29, 234, 85, 128, 140, 247, 183, 33, 123, 255, 129, 229, 66, 0, 196, 103, 4, 170, 13, 160, 48, 111, 111, 92, 79, 161, 147, 210, 158, 111, 77, 49, 249
245
224, 175, 72, 223, 31, 182, 216, 254, 54, 145, 119, 134, 226, 42, 156, 37, 30, 69, 115, 194, 244, 48, 68, 48, 100, 217, 251, 56, 48, 140, 73, 109, 2, 100, 125, 166, 230, 182, 186, 210, 204, 220, 206, 129, 54, 40, 45, 25, 60, 14, 236, 235, 8, 248, 94, 43, 38, 192, 250, 7, 172, 148, 179, 148, 52, 155, 141, 170, 242, 231, 176
253
50, 88, 142, 241, 252, 153, 173, 138, 141, 223, 235, 56, 46, 188, 111, 187, 99, 97, 25, 49, 59, 192, 27, 179, 185, 2, 243, 191, 206, 192, 180, 237, 116, 121, 90, 91, 48, 223, 219, 198, 243, 159, 28, 140, 156, 67, 85, 88, 71, 48, 164, 83, 63, 143, 150, 200, 55, 64, 38, 114, 90, 213, 190, 116, 115, 226, 101, 111, 147, 167, 202
254
95, 0, 132, 144, 29, 132, 97, 34, 5, 48, 32, 178, 57, 239, 248, 55, 204, 179, 178, 211, 83, 221, 98, 228, 170, 173, 127, 233, 162, 27, 14, 66, 159, 99, 123, 173, 247, 234, 34, 213, 103, 68, 46, 140, 174, 6, 13, 87, 9, 37, 186, 31, 142, 163, 181, 109, 85, 255, 226, 124, 66, 79, 84, 68, 137, 157, 106, 76, 39, 134, 1
255
28, 189, 98, 96, 81, 243, 208, 26, 24, 113, 145, 216, 54, 208, 28, 121, 253, 16, 67, 196, 135, 148, 216, 89, 136, 208, 243, 186, 12, 120, 203, 31, 40, 225, 200, 228, 230, 99, 11, 239, 36, 154, 236, 195, 106, 110, 238, 15, 136, 199, 105, 109, 80, 15, 61, 180, 184, 159, 100, 149, 105, 123, 98, 61, 137, 149, 242, 16, 158, 5, 122
